TP: 64
FP: 24
FN: 68
TN: 246

P: 132
N: 270
PP: 88
PN: 314
All: 402

accuracy: 0.7711442786069652
precision: 0.7272727272727273
recall: 0.48484848484848486

FPs: [68, 88, 96, 146, 152, 156, 164, 167, 168, 176, 188, 190, 210, 279, 302, 314, 317, 319, 327, 328, 350, 368, 372, 386]
FNs: [6, 7, 8, 9, 10, 11, 13, 20, 21, 22, 23, 24, 25, 26, 29, 34, 35, 36, 37, 40, 41, 42, 43, 49, 50, 51, 53, 55, 74, 76, 77, 78, 79, 81, 98, 142, 148, 154, 160, 166, 170, 174, 179, 184, 189, 212, 215, 217, 220, 222, 229, 234, 239, 242, 243, 246, 247, 256, 258, 276, 311, 312, 371, 374, 380, 392, 399, 401]
INCONCLUSIVE: []
