TP: 62
FP: 49
FN: 39
TN: 169

P: 101
N: 218
PP: 111
PN: 208
All: 319

accuracy: 0.7241379310344828
precision: 0.5585585585585585
recall: 0.6138613861386139

FPs: [3, 8, 13, 15, 53, 69, 71, 72, 79, 84, 87, 98, 106, 109, 110, 112, 117, 127, 131, 134, 138, 144, 156, 218, 222, 223, 226, 229, 234, 235, 241, 264, 271, 272, 275, 276, 277, 279, 292, 296, 298, 299, 304, 306, 308, 310, 312, 314, 317]
FNs: [21, 22, 24, 28, 32, 34, 36, 39, 42, 43, 48, 49, 160, 162, 163, 164, 165, 166, 167, 168, 170, 171, 176, 177, 178, 182, 184, 186, 190, 191, 195, 208, 209, 211, 214, 215, 220, 258, 260]
INCONCLUSIVE: []
