TP: 25
FP: 15
FN: 76
TN: 203

P: 101
N: 218
PP: 40
PN: 279
All: 319

accuracy: 0.7147335423197492
precision: 0.625
recall: 0.24752475247524752

FPs: [3, 9, 13, 16, 41, 45, 51, 87, 94, 109, 114, 218, 221, 224, 277]
FNs: [1, 17, 18, 20, 21, 23, 25, 28, 29, 30, 31, 32, 35, 39, 40, 44, 46, 47, 48, 49, 54, 159, 160, 161, 162, 163, 164, 165, 166, 167, 168, 169, 170, 171, 176, 177, 178, 179, 180, 181, 182, 183, 184, 185, 186, 188, 190, 191, 193, 194, 195, 196, 197, 198, 199, 201, 202, 203, 204, 208, 209, 210, 211, 212, 213, 214, 215, 220, 258, 260, 289, 290, 302, 303, 305, 318]
INCONCLUSIVE: []
