TP: 23
FP: 58
FN: 1
TN: 7

P: 24
N: 65
PP: 81
PN: 8
All: 89

accuracy: 0.33707865168539325
precision: 0.2839506172839506
recall: 0.9583333333333334

FPs: [3, 4, 5, 6, 11, 12, 13, 14, 15, 16, 17, 18, 20, 21, 22, 23, 24, 25, 26, 27, 28, 33, 34, 35, 36, 37, 38, 39, 40, 41, 42, 48, 51, 52, 53, 54, 55, 57, 63, 66, 67, 68, 69, 71, 72, 73, 74, 75, 76, 79, 80, 81, 82, 83, 84, 85, 86, 87]
FNs: [31]
INCONCLUSIVE: []
