TP: 126
FP: 15
FN: 11
TN: 21

P: 137
N: 36
PP: 141
PN: 32
All: 173

accuracy: 0.8497109826589595
precision: 0.8936170212765957
recall: 0.9197080291970803

FPs: [0, 18, 29, 30, 31, 32, 33, 35, 36, 37, 38, 39, 106, 107, 108]
FNs: [5, 11, 12, 42, 46, 58, 105, 116, 118, 121, 170]
INCONCLUSIVE: []
