TP: 132
FP: 19
FN: 5
TN: 17

P: 137
N: 36
PP: 151
PN: 22
All: 173

accuracy: 0.861271676300578
precision: 0.8741721854304636
recall: 0.9635036496350365

FPs: [2, 8, 22, 24, 27, 28, 29, 30, 31, 32, 33, 35, 36, 39, 106, 107, 108, 167, 168]
FNs: [12, 46, 58, 105, 170]
INCONCLUSIVE: []
