TP: 24
FP: 8
FN: 32
TN: 23

P: 56
N: 31
PP: 32
PN: 55
All: 87

accuracy: 0.5402298850574713
precision: 0.75
recall: 0.42857142857142855

FPs: [5, 14, 18, 23, 25, 30, 45, 48]
FNs: [0, 3, 9, 13, 36, 39, 40, 44, 53, 55, 56, 57, 58, 59, 60, 62, 64, 65, 66, 67, 68, 69, 70, 71, 72, 74, 76, 79, 80, 81, 82, 83]
INCONCLUSIVE: []
