systemOperation;ID;invariantType;invariantCategory;systemOperation-InvariantType;systemOperation-InvariantCategory;classification;GPT_verdict;result;confidence;promptTokens;completionTokens;totalTokens;maxNumberOfOperations;GPT_Model
Marvel_getComicById;0;daikon.inv.unary.string.OneOfString;Specific values;Marvel_getComicById-daikon.inv.unary.string.OneOfString;Marvel_getComicById-Specific values;FP;TP;FP;0.9;785;256;1041;1000;GPT-3.5
Marvel_getComicById;1;daikon.inv.unary.string.OneOfString;Specific values;Marvel_getComicById-daikon.inv.unary.string.OneOfString;Marvel_getComicById-Specific values;TP;TP;TP;0.9;816;248;1064;10000;GPT-3.5
Marvel_getComicById;2;daikon.inv.unary.scalar.LowerBoundFloat;Specific values;Marvel_getComicById-daikon.inv.unary.scalar.LowerBoundFloat;Marvel_getComicById-Specific values;TP;TP;TP;0.9;805;287;1092;10000;GPT-3.5
Marvel_getComicById;3;daikon.inv.unary.string.OneOfString;Specific values;Marvel_getComicById-daikon.inv.unary.string.OneOfString;Marvel_getComicById-Specific values;FP;TP;FP;0.9;845;231;1076;500;GPT-3.5
Marvel_getComicById;4;daikon.inv.unary.string.OneOfString;Specific values;Marvel_getComicById-daikon.inv.unary.string.OneOfString;Marvel_getComicById-Specific values;FP;TP;FP;0.9;799;236;1035;10000;GPT-3.5
Marvel_getComicById;5;daikon.inv.binary.twoScalar.IntEqual;Arithmetic comparisons;Marvel_getComicById-daikon.inv.binary.twoScalar.IntEqual;Marvel_getComicById-Arithmetic comparisons;TP;TP;TP;0.95;840;273;1113;10000;GPT-3.5
Marvel_getComicById;6;daikon.inv.binary.twoScalar.IntEqual;Arithmetic comparisons;Marvel_getComicById-daikon.inv.binary.twoScalar.IntEqual;Marvel_getComicById-Arithmetic comparisons;TP;TP;TP;0.9;1099;224;1323;10000;GPT-3.5
Marvel_getComicById;7;daikon.inv.binary.twoScalar.IntEqual;Arithmetic comparisons;Marvel_getComicById-daikon.inv.binary.twoScalar.IntEqual;Marvel_getComicById-Arithmetic comparisons;FP;TP;FP;0.9;863;277;1140;50;GPT-3.5
Marvel_getComicById;8;daikon.inv.binary.twoScalar.IntEqual;Arithmetic comparisons;Marvel_getComicById-daikon.inv.binary.twoScalar.IntEqual;Marvel_getComicById-Arithmetic comparisons;FP;TP;FP;0.9;1042;249;1291;50;GPT-3.5
Marvel_getComicById;9;daikon.inv.binary.twoScalar.IntEqual;Arithmetic comparisons;Marvel_getComicById-daikon.inv.binary.twoScalar.IntEqual;Marvel_getComicById-Arithmetic comparisons;FP;TP;FP;0.9;875;213;1088;100;GPT-3.5
Marvel_getComicById;10;daikon.inv.binary.twoScalar.IntEqual;Arithmetic comparisons;Marvel_getComicById-daikon.inv.binary.twoScalar.IntEqual;Marvel_getComicById-Arithmetic comparisons;FP;TP;FP;0.9;822;219;1041;100;GPT-3.5
Marvel_getComicById;11;daikon.inv.binary.twoScalar.IntEqual;Arithmetic comparisons;Marvel_getComicById-daikon.inv.binary.twoScalar.IntEqual;Marvel_getComicById-Arithmetic comparisons;FP;TP;FP;0.9;831;271;1102;10000;GPT-3.5
Marvel_getComicById;12;daikon.inv.binary.twoScalar.IntEqual;Arithmetic comparisons;Marvel_getComicById-daikon.inv.binary.twoScalar.IntEqual;Marvel_getComicById-Arithmetic comparisons;FP;FP;TN;0.9;804;307;1111;50;GPT-3.5
Marvel_getComicById;13;daikon.inv.binary.twoScalar.IntEqual;Arithmetic comparisons;Marvel_getComicById-daikon.inv.binary.twoScalar.IntEqual;Marvel_getComicById-Arithmetic comparisons;FP;TP;FP;0.9;1015;264;1279;10000;GPT-3.5
Marvel_getComicById;14;daikon.inv.unary.scalar.LowerBound;Specific values;Marvel_getComicById-daikon.inv.unary.scalar.LowerBound;Marvel_getComicById-Specific values;TP;TP;TP;0.9;788;232;1020;10000;GPT-3.5
Marvel_getComicById;15;daikon.inv.unary.scalar.LowerBoundFloat;Specific values;Marvel_getComicById-daikon.inv.unary.scalar.LowerBoundFloat;Marvel_getComicById-Specific values;FP;TP;FP;0.9;778;246;1024;500;GPT-3.5
Marvel_getComicById;16;daikon.inv.unary.string.OneOfString;Specific values;Marvel_getComicById-daikon.inv.unary.string.OneOfString;Marvel_getComicById-Specific values;FP;TP;FP;0.9;811;289;1100;50;GPT-3.5
Marvel_getComicById;17;daikon.inv.unary.scalar.NonZero;Arithmetic comparisons;Marvel_getComicById-daikon.inv.unary.scalar.NonZero;Marvel_getComicById-Arithmetic comparisons;TP;TP;TP;0.95;772;197;969;10000;GPT-3.5
Marvel_getComicById;18;daikon.inv.unary.sequence.EltNonZero;Array properties;Marvel_getComicById-daikon.inv.unary.sequence.EltNonZero;Marvel_getComicById-Array properties;TP;TP;TP;0.95;782;178;960;10000;GPT-3.5
Marvel_getComicById;19;daikon.inv.unary.scalar.NonZero;Arithmetic comparisons;Marvel_getComicById-daikon.inv.unary.scalar.NonZero;Marvel_getComicById-Arithmetic comparisons;TP;TP;TP;0.95;744;198;942;10000;GPT-3.5
Marvel_getComicById;20;daikon.inv.unary.sequence.EltNonZero;Array properties;Marvel_getComicById-daikon.inv.unary.sequence.EltNonZero;Marvel_getComicById-Array properties;TP;TP;TP;0.95;754;206;960;10000;GPT-3.5
Marvel_getComicById;21;daikon.inv.unary.scalar.NonZero;Arithmetic comparisons;Marvel_getComicById-daikon.inv.unary.scalar.NonZero;Marvel_getComicById-Arithmetic comparisons;TP;TP;TP;0.9;688;296;984;10000;GPT-3.5
Marvel_getComicById;22;daikon.inv.unary.scalar.NonZero;Arithmetic comparisons;Marvel_getComicById-daikon.inv.unary.scalar.NonZero;Marvel_getComicById-Arithmetic comparisons;TP;TP;TP;0.9;754;249;1003;10000;GPT-3.5
Marvel_getComicById;23;daikon.inv.unary.sequence.EltNonZero;Array properties;Marvel_getComicById-daikon.inv.unary.sequence.EltNonZero;Marvel_getComicById-Array properties;TP;TP;TP;0.95;764;217;981;10000;GPT-3.5
Marvel_getComicById;24;daikon.inv.unary.scalar.NonZero;Arithmetic comparisons;Marvel_getComicById-daikon.inv.unary.scalar.NonZero;Marvel_getComicById-Arithmetic comparisons;TP;TP;TP;1.0;752;210;962;10000;GPT-3.5
Marvel_getComicById;25;daikon.inv.unary.sequence.EltNonZero;Array properties;Marvel_getComicById-daikon.inv.unary.sequence.EltNonZero;Marvel_getComicById-Array properties;TP;TP;TP;0.9;762;267;1029;10000;GPT-3.5
Marvel_getComicById;26;daikon.inv.unary.scalar.NonZero;Arithmetic comparisons;Marvel_getComicById-daikon.inv.unary.scalar.NonZero;Marvel_getComicById-Arithmetic comparisons;TP;TP;TP;0.9;760;261;1021;10000;GPT-3.5
Marvel_getComicById;27;daikon.inv.unary.sequence.OneOfSequence;Specific values;Marvel_getComicById-daikon.inv.unary.sequence.OneOfSequence;Marvel_getComicById-Specific values;FP;TP;FP;0.9;784;234;1018;100;GPT-3.5
Marvel_getComicById;28;daikon.inv.unary.scalar.NonZero;Arithmetic comparisons;Marvel_getComicById-daikon.inv.unary.scalar.NonZero;Marvel_getComicById-Arithmetic comparisons;TP;TP;TP;0.9;744;251;995;10000;GPT-3.5
Marvel_getComicById;29;daikon.inv.unary.sequence.EltNonZero;Array properties;Marvel_getComicById-daikon.inv.unary.sequence.EltNonZero;Marvel_getComicById-Array properties;TP;TP;TP;0.9;754;245;999;10000;GPT-3.5
Marvel_getComicById;30;daikon.inv.unary.scalar.NonZero;Arithmetic comparisons;Marvel_getComicById-daikon.inv.unary.scalar.NonZero;Marvel_getComicById-Arithmetic comparisons;TP;TP;TP;0.9;746;226;972;10000;GPT-3.5
Marvel_getComicById;31;daikon.inv.unary.sequence.EltNonZero;Array properties;Marvel_getComicById-daikon.inv.unary.sequence.EltNonZero;Marvel_getComicById-Array properties;TP;TP;TP;0.9;756;226;982;10000;GPT-3.5
Marvel_getComicById;32;daikon.inv.unary.scalar.NonZero;Arithmetic comparisons;Marvel_getComicById-daikon.inv.unary.scalar.NonZero;Marvel_getComicById-Arithmetic comparisons;TP;TP;TP;0.9;688;232;920;10000;GPT-3.5
Marvel_getComicById;33;daikon.inv.unary.string.OneOfString;Specific values;Marvel_getComicById-daikon.inv.unary.string.OneOfString;Marvel_getComicById-Specific values;FP;TP;FP;0.9;772;234;1006;1000;GPT-3.5
Marvel_getComicById;34;daikon.inv.unary.scalar.NonZero;Arithmetic comparisons;Marvel_getComicById-daikon.inv.unary.scalar.NonZero;Marvel_getComicById-Arithmetic comparisons;TP;TP;TP;0.9;739;197;936;10000;GPT-3.5
Marvel_getComicById;35;daikon.inv.unary.sequence.EltNonZero;Array properties;Marvel_getComicById-daikon.inv.unary.sequence.EltNonZero;Marvel_getComicById-Array properties;TP;TP;TP;0.9;749;219;968;10000;GPT-3.5
Marvel_getComicById;36;daikon.inv.unary.scalar.NonZero;Arithmetic comparisons;Marvel_getComicById-daikon.inv.unary.scalar.NonZero;Marvel_getComicById-Arithmetic comparisons;TP;TP;TP;0.9;690;198;888;10000;GPT-3.5
Marvel_getComicById;37;daikon.inv.unary.scalar.LowerBound;Specific values;Marvel_getComicById-daikon.inv.unary.scalar.LowerBound;Marvel_getComicById-Specific values;TP;TP;TP;0.95;805;300;1105;10000;GPT-3.5
Marvel_getComicById;38;daikon.inv.unary.scalar.NonZero;Arithmetic comparisons;Marvel_getComicById-daikon.inv.unary.scalar.NonZero;Marvel_getComicById-Arithmetic comparisons;TP;TP;TP;0.9;769;213;982;10000;GPT-3.5
Marvel_getComicById;39;daikon.inv.unary.sequence.EltNonZero;Array properties;Marvel_getComicById-daikon.inv.unary.sequence.EltNonZero;Marvel_getComicById-Array properties;TP;TP;TP;0.9;779;236;1015;10000;GPT-3.5
Marvel_getComicById;40;daikon.inv.unary.scalar.NonZero;Arithmetic comparisons;Marvel_getComicById-daikon.inv.unary.scalar.NonZero;Marvel_getComicById-Arithmetic comparisons;TP;TP;TP;0.9;688;212;900;10000;GPT-3.5
Marvel_getComicById;41;daikon.inv.unary.scalar.LowerBound;Specific values;Marvel_getComicById-daikon.inv.unary.scalar.LowerBound;Marvel_getComicById-Specific values;FP;TP;FP;0.95;793;228;1021;10000;GPT-3.5
Marvel_getComicById;42;daikon.inv.unary.scalar.NonZero;Arithmetic comparisons;Marvel_getComicById-daikon.inv.unary.scalar.NonZero;Marvel_getComicById-Arithmetic comparisons;TP;TP;TP;0.9;767;198;965;10000;GPT-3.5
Marvel_getComicById;43;daikon.inv.unary.sequence.EltNonZero;Array properties;Marvel_getComicById-daikon.inv.unary.sequence.EltNonZero;Marvel_getComicById-Array properties;TP;TP;TP;0.9;777;238;1015;10000;GPT-3.5
Marvel_getComicById;44;daikon.inv.unary.scalar.NonZero;Arithmetic comparisons;Marvel_getComicById-daikon.inv.unary.scalar.NonZero;Marvel_getComicById-Arithmetic comparisons;TP;TP;TP;0.9;689;236;925;10000;GPT-3.5
Marvel_getComicById;45;daikon.inv.unary.scalar.LowerBound;Specific values;Marvel_getComicById-daikon.inv.unary.scalar.LowerBound;Marvel_getComicById-Specific values;FP;TP;FP;0.9;797;244;1041;500;GPT-3.5
Marvel_getComicById;46;daikon.inv.unary.scalar.NonZero;Arithmetic comparisons;Marvel_getComicById-daikon.inv.unary.scalar.NonZero;Marvel_getComicById-Arithmetic comparisons;TP;TP;TP;0.9;769;276;1045;10000;GPT-3.5
Marvel_getComicById;47;daikon.inv.unary.sequence.EltNonZero;Array properties;Marvel_getComicById-daikon.inv.unary.sequence.EltNonZero;Marvel_getComicById-Array properties;TP;TP;TP;0.9;779;245;1024;10000;GPT-3.5
Marvel_getComicById;48;daikon.inv.unary.scalar.NonZero;Arithmetic comparisons;Marvel_getComicById-daikon.inv.unary.scalar.NonZero;Marvel_getComicById-Arithmetic comparisons;TP;TP;TP;0.95;688;248;936;10000;GPT-3.5
Marvel_getComicById;49;daikon.inv.unary.scalar.NonZero;Arithmetic comparisons;Marvel_getComicById-daikon.inv.unary.scalar.NonZero;Marvel_getComicById-Arithmetic comparisons;TP;TP;TP;0.95;750;206;956;10000;GPT-3.5
Marvel_getComicById;50;daikon.inv.unary.sequence.OneOfSequence;Specific values;Marvel_getComicById-daikon.inv.unary.sequence.OneOfSequence;Marvel_getComicById-Specific values;FP;FP;TN;0.9;774;230;1004;50;GPT-3.5
Marvel_getComicById;51;daikon.inv.unary.scalar.OneOfScalar;Specific values;Marvel_getComicById-daikon.inv.unary.scalar.OneOfScalar;Marvel_getComicById-Specific values;FP;TP;FP;0.8;1050;299;1349;500;GPT-3.5
Marvel_getComicById;52;daikon.inv.unary.scalar.OneOfScalar;Specific values;Marvel_getComicById-daikon.inv.unary.scalar.OneOfScalar;Marvel_getComicById-Specific values;FP;FP;TN;0.9;1050;254;1304;100;GPT-3.5
Marvel_getComicById;53;daikon.inv.unary.scalar.OneOfScalar;Specific values;Marvel_getComicById-daikon.inv.unary.scalar.OneOfScalar;Marvel_getComicById-Specific values;FP;FP;TN;0.9;1214;232;1446;10000;GPT-3.5
Marvel_getComicById;54;daikon.inv.unary.scalar.OneOfScalar;Specific values;Marvel_getComicById-daikon.inv.unary.scalar.OneOfScalar;Marvel_getComicById-Specific values;TP;TP;TP;0.9;911;269;1180;10000;GPT-3.5
Marvel_getComicById;55;daikon.inv.binary.twoScalar.IntNonEqual;Arithmetic comparisons;Marvel_getComicById-daikon.inv.binary.twoScalar.IntNonEqual;Marvel_getComicById-Arithmetic comparisons;FP;TP;FP;0.9;862;251;1113;10000;GPT-3.5
Marvel_getComicById;56;daikon.inv.binary.twoScalar.IntGreaterThan;Arithmetic comparisons;Marvel_getComicById-daikon.inv.binary.twoScalar.IntGreaterThan;Marvel_getComicById-Arithmetic comparisons;FP;FP;TN;0.9;842;263;1105;10000;GPT-3.5
Marvel_getComicById;57;daikon.inv.binary.twoScalar.IntGreaterThan;Arithmetic comparisons;Marvel_getComicById-daikon.inv.binary.twoScalar.IntGreaterThan;Marvel_getComicById-Arithmetic comparisons;FP;TP;FP;0.95;880;240;1120;10000;GPT-3.5
Marvel_getComicById;58;daikon.inv.binary.twoScalar.IntGreaterThan;Arithmetic comparisons;Marvel_getComicById-daikon.inv.binary.twoScalar.IntGreaterThan;Marvel_getComicById-Arithmetic comparisons;FP;FP;TN;0.9;876;252;1128;10000;GPT-3.5
Marvel_getComicById;59;daikon.inv.binary.twoScalar.IntGreaterThan;Arithmetic comparisons;Marvel_getComicById-daikon.inv.binary.twoScalar.IntGreaterThan;Marvel_getComicById-Arithmetic comparisons;FP;FP;TN;0.9;867;244;1111;10000;GPT-3.5
Marvel_getComicById;60;daikon.inv.binary.twoScalar.IntGreaterThan;Arithmetic comparisons;Marvel_getComicById-daikon.inv.binary.twoScalar.IntGreaterThan;Marvel_getComicById-Arithmetic comparisons;FP;TP;FP;0.95;874;224;1098;10000;GPT-3.5
Marvel_getComicById;61;daikon.inv.binary.twoScalar.IntGreaterThan;Arithmetic comparisons;Marvel_getComicById-daikon.inv.binary.twoScalar.IntGreaterThan;Marvel_getComicById-Arithmetic comparisons;FP;TP;FP;0.9;868;258;1126;10000;GPT-3.5
Marvel_getComicById;62;daikon.inv.binary.twoScalar.IntGreaterThan;Arithmetic comparisons;Marvel_getComicById-daikon.inv.binary.twoScalar.IntGreaterThan;Marvel_getComicById-Arithmetic comparisons;FP;TP;FP;0.95;1070;219;1289;10000;GPT-3.5
Marvel_getComicById;63;daikon.inv.binary.twoScalar.IntGreaterThan;Arithmetic comparisons;Marvel_getComicById-daikon.inv.binary.twoScalar.IntGreaterThan;Marvel_getComicById-Arithmetic comparisons;FP;TP;FP;0.95;1092;205;1297;10000;GPT-3.5
Marvel_getComicById;64;daikon.inv.binary.twoScalar.IntGreaterThan;Arithmetic comparisons;Marvel_getComicById-daikon.inv.binary.twoScalar.IntGreaterThan;Marvel_getComicById-Arithmetic comparisons;FP;TP;FP;0.95;1073;225;1298;10000;GPT-3.5
Marvel_getComicById;65;daikon.inv.binary.twoScalar.IntGreaterThan;Arithmetic comparisons;Marvel_getComicById-daikon.inv.binary.twoScalar.IntGreaterThan;Marvel_getComicById-Arithmetic comparisons;FP;FP;TN;0.9;1060;254;1314;10000;GPT-3.5
Marvel_getComicById;66;daikon.inv.binary.twoScalar.IntGreaterThan;Arithmetic comparisons;Marvel_getComicById-daikon.inv.binary.twoScalar.IntGreaterThan;Marvel_getComicById-Arithmetic comparisons;FP;TP;FP;0.95;1129;233;1362;10000;GPT-3.5
Marvel_getComicById;67;daikon.inv.binary.twoScalar.IntGreaterThan;Arithmetic comparisons;Marvel_getComicById-daikon.inv.binary.twoScalar.IntGreaterThan;Marvel_getComicById-Arithmetic comparisons;FP;FP;TN;0.9;978;227;1205;10000;GPT-3.5
Marvel_getComicById;68;daikon.inv.binary.twoScalar.IntGreaterThan;Arithmetic comparisons;Marvel_getComicById-daikon.inv.binary.twoScalar.IntGreaterThan;Marvel_getComicById-Arithmetic comparisons;FP;TP;FP;0.95;1072;224;1296;10000;GPT-3.5
Marvel_getComicById;69;daikon.inv.binary.twoScalar.IntNonEqual;Arithmetic comparisons;Marvel_getComicById-daikon.inv.binary.twoScalar.IntNonEqual;Marvel_getComicById-Arithmetic comparisons;FP;TP;FP;0.9;876;287;1163;10000;GPT-3.5
Marvel_getComicById;70;daikon.inv.binary.twoScalar.IntNonEqual;Arithmetic comparisons;Marvel_getComicById-daikon.inv.binary.twoScalar.IntNonEqual;Marvel_getComicById-Arithmetic comparisons;FP;TP;FP;0.95;882;266;1148;10000;GPT-3.5
Marvel_getComicById;71;daikon.inv.binary.twoScalar.IntGreaterEqual;Arithmetic comparisons;Marvel_getComicById-daikon.inv.binary.twoScalar.IntGreaterEqual;Marvel_getComicById-Arithmetic comparisons;FP;TP;FP;0.9;873;287;1160;500;GPT-3.5
Marvel_getComicById;72;daikon.inv.binary.twoScalar.IntGreaterEqual;Arithmetic comparisons;Marvel_getComicById-daikon.inv.binary.twoScalar.IntGreaterEqual;Marvel_getComicById-Arithmetic comparisons;FP;TP;FP;0.9;1061;268;1329;100;GPT-3.5
Marvel_getComicById;73;daikon.inv.binary.twoScalar.IntNonEqual;Arithmetic comparisons;Marvel_getComicById-daikon.inv.binary.twoScalar.IntNonEqual;Marvel_getComicById-Arithmetic comparisons;FP;TP;FP;0.9;1083;239;1322;10000;GPT-3.5
Marvel_getComicById;74;daikon.inv.binary.twoScalar.IntGreaterEqual;Arithmetic comparisons;Marvel_getComicById-daikon.inv.binary.twoScalar.IntGreaterEqual;Marvel_getComicById-Arithmetic comparisons;FP;TP;FP;0.9;1078;186;1264;50;GPT-3.5
Marvel_getComicById;75;daikon.inv.binary.twoScalar.IntGreaterEqual;Arithmetic comparisons;Marvel_getComicById-daikon.inv.binary.twoScalar.IntGreaterEqual;Marvel_getComicById-Arithmetic comparisons;FP;TP;FP;0.95;1075;238;1313;500;GPT-3.5
Marvel_getComicById;76;daikon.inv.binary.twoScalar.IntNonEqual;Arithmetic comparisons;Marvel_getComicById-daikon.inv.binary.twoScalar.IntNonEqual;Marvel_getComicById-Arithmetic comparisons;FP;TP;FP;0.9;1131;250;1381;10000;GPT-3.5
Marvel_getComicById;77;daikon.inv.binary.twoScalar.IntNonEqual;Arithmetic comparisons;Marvel_getComicById-daikon.inv.binary.twoScalar.IntNonEqual;Marvel_getComicById-Arithmetic comparisons;FP;TP;FP;0.9;1133;292;1425;10000;GPT-3.5
Marvel_getComicById;78;daikon.inv.binary.twoScalar.IntNonEqual;Arithmetic comparisons;Marvel_getComicById-daikon.inv.binary.twoScalar.IntNonEqual;Marvel_getComicById-Arithmetic comparisons;FP;TP;FP;0.95;998;215;1213;10000;GPT-3.5
Marvel_getComicById;79;daikon.inv.binary.twoScalar.IntGreaterEqual;Arithmetic comparisons;Marvel_getComicById-daikon.inv.binary.twoScalar.IntGreaterEqual;Marvel_getComicById-Arithmetic comparisons;FP;TP;FP;0.9;1000;270;1270;10000;GPT-3.5
Marvel_getComicById;80;daikon.inv.binary.twoScalar.IntGreaterEqual;Arithmetic comparisons;Marvel_getComicById-daikon.inv.binary.twoScalar.IntGreaterEqual;Marvel_getComicById-Arithmetic comparisons;FP;TP;FP;0.9;1077;268;1345;100;GPT-3.5
Marvel_getComicById;81;daikon.inv.binary.twoScalar.IntNonEqual;Arithmetic comparisons;Marvel_getComicById-daikon.inv.binary.twoScalar.IntNonEqual;Marvel_getComicById-Arithmetic comparisons;FP;TP;FP;0.9;935;234;1169;100;GPT-3.5
Marvel_getComicById;82;daikon.inv.binary.twoScalar.IntNonEqual;Arithmetic comparisons;Marvel_getComicById-daikon.inv.binary.twoScalar.IntNonEqual;Marvel_getComicById-Arithmetic comparisons;FP;TP;FP;0.9;887;273;1160;1000;GPT-3.5
Marvel_getComicById;83;daikon.inv.binary.twoScalar.IntNonEqual;Arithmetic comparisons;Marvel_getComicById-daikon.inv.binary.twoScalar.IntNonEqual;Marvel_getComicById-Arithmetic comparisons;FP;TP;FP;0.9;853;228;1081;50;GPT-3.5
Marvel_getComicById;84;daikon.inv.binary.twoScalar.IntNonEqual;Arithmetic comparisons;Marvel_getComicById-daikon.inv.binary.twoScalar.IntNonEqual;Marvel_getComicById-Arithmetic comparisons;FP;TP;FP;0.9;861;268;1129;10000;GPT-3.5
Marvel_getComicById;85;daikon.inv.binary.twoScalar.IntGreaterEqual;Arithmetic comparisons;Marvel_getComicById-daikon.inv.binary.twoScalar.IntGreaterEqual;Marvel_getComicById-Arithmetic comparisons;FP;TP;FP;0.9;853;275;1128;100;GPT-3.5
Marvel_getComicById;86;daikon.inv.binary.twoScalar.IntNonEqual;Arithmetic comparisons;Marvel_getComicById-daikon.inv.binary.twoScalar.IntNonEqual;Marvel_getComicById-Arithmetic comparisons;FP;FP;TN;0.9;1061;289;1350;500;GPT-3.5
Marvel_getComicById;87;daikon.inv.binary.twoScalar.IntGreaterEqual;Arithmetic comparisons;Marvel_getComicById-daikon.inv.binary.twoScalar.IntGreaterEqual;Marvel_getComicById-Arithmetic comparisons;FP;TP;FP;0.9;1060;251;1311;100;GPT-3.5
Marvel_getComicById;88;daikon.inv.binary.twoScalar.IntNonEqual;Arithmetic comparisons;Marvel_getComicById-daikon.inv.binary.twoScalar.IntNonEqual;Marvel_getComicById-Arithmetic comparisons;FP;TP;FP;0.9;1113;242;1355;500;GPT-3.5
Marvel_getComicById;89;daikon.inv.binary.twoScalar.IntNonEqual;Arithmetic comparisons;Marvel_getComicById-daikon.inv.binary.twoScalar.IntNonEqual;Marvel_getComicById-Arithmetic comparisons;FP;FP;TN;0.9;1115;227;1342;500;GPT-3.5
Marvel_getComicById;90;daikon.inv.binary.twoScalar.IntNonEqual;Arithmetic comparisons;Marvel_getComicById-daikon.inv.binary.twoScalar.IntNonEqual;Marvel_getComicById-Arithmetic comparisons;FP;TP;FP;0.9;951;250;1201;50;GPT-3.5
Marvel_getComicById;91;daikon.inv.binary.twoScalar.NumericInt$Divides;Arithmetic comparisons;Marvel_getComicById-daikon.inv.binary.twoScalar.NumericInt$Divides;Marvel_getComicById-Arithmetic comparisons;FP;TP;FP;0.9;963;231;1194;1000;GPT-3.5
Marvel_getComicById;92;daikon.inv.binary.twoScalar.IntNonEqual;Arithmetic comparisons;Marvel_getComicById-daikon.inv.binary.twoScalar.IntNonEqual;Marvel_getComicById-Arithmetic comparisons;FP;TP;FP;0.9;809;285;1094;50;GPT-3.5
Marvel_getComicById;93;daikon.inv.binary.twoScalar.IntGreaterEqual;Arithmetic comparisons;Marvel_getComicById-daikon.inv.binary.twoScalar.IntGreaterEqual;Marvel_getComicById-Arithmetic comparisons;TP;TP;TP;0.95;890;260;1150;10000;GPT-3.5
Marvel_getComicById;94;daikon.inv.binary.twoScalar.IntGreaterEqual;Arithmetic comparisons;Marvel_getComicById-daikon.inv.binary.twoScalar.IntGreaterEqual;Marvel_getComicById-Arithmetic comparisons;FP;TP;FP;0.9;891;225;1116;500;GPT-3.5
Marvel_getComicById;95;daikon.inv.binary.twoScalar.IntGreaterEqual;Arithmetic comparisons;Marvel_getComicById-daikon.inv.binary.twoScalar.IntGreaterEqual;Marvel_getComicById-Arithmetic comparisons;FP;TP;FP;0.9;1033;296;1329;100;GPT-3.5
Marvel_getComicById;96;daikon.inv.binary.twoScalar.IntGreaterEqual;Arithmetic comparisons;Marvel_getComicById-daikon.inv.binary.twoScalar.IntGreaterEqual;Marvel_getComicById-Arithmetic comparisons;FP;TP;FP;0.9;1093;223;1316;100;GPT-3.5
Marvel_getComicById;97;daikon.inv.binary.twoScalar.IntGreaterEqual;Arithmetic comparisons;Marvel_getComicById-daikon.inv.binary.twoScalar.IntGreaterEqual;Marvel_getComicById-Arithmetic comparisons;FP;TP;FP;0.9;1073;237;1310;1000;GPT-3.5
Marvel_getComicById;98;daikon.inv.binary.twoScalar.IntGreaterEqual;Arithmetic comparisons;Marvel_getComicById-daikon.inv.binary.twoScalar.IntGreaterEqual;Marvel_getComicById-Arithmetic comparisons;FP;TP;FP;0.9;1013;262;1275;100;GPT-3.5
Marvel_getComicById;99;daikon.inv.binary.twoScalar.IntGreaterEqual;Arithmetic comparisons;Marvel_getComicById-daikon.inv.binary.twoScalar.IntGreaterEqual;Marvel_getComicById-Arithmetic comparisons;FP;TP;FP;0.95;887;236;1123;500;GPT-3.5
Marvel_getComicById;100;daikon.inv.binary.twoScalar.IntGreaterEqual;Arithmetic comparisons;Marvel_getComicById-daikon.inv.binary.twoScalar.IntGreaterEqual;Marvel_getComicById-Arithmetic comparisons;FP;TP;FP;0.9;1028;233;1261;100;GPT-3.5
Marvel_getComicById;101;daikon.inv.binary.twoScalar.IntGreaterEqual;Arithmetic comparisons;Marvel_getComicById-daikon.inv.binary.twoScalar.IntGreaterEqual;Marvel_getComicById-Arithmetic comparisons;FP;TP;FP;0.9;1089;282;1371;100;GPT-3.5
Marvel_getComicById;102;daikon.inv.binary.twoScalar.IntGreaterEqual;Arithmetic comparisons;Marvel_getComicById-daikon.inv.binary.twoScalar.IntGreaterEqual;Marvel_getComicById-Arithmetic comparisons;FP;TP;FP;0.9;1079;287;1366;1000;GPT-3.5
Marvel_getComicById;103;daikon.inv.binary.twoScalar.IntGreaterEqual;Arithmetic comparisons;Marvel_getComicById-daikon.inv.binary.twoScalar.IntGreaterEqual;Marvel_getComicById-Arithmetic comparisons;FP;TP;FP;0.9;1011;307;1318;100;GPT-3.5
Marvel_getComicById;104;daikon.inv.binary.twoScalar.IntGreaterEqual;Arithmetic comparisons;Marvel_getComicById-daikon.inv.binary.twoScalar.IntGreaterEqual;Marvel_getComicById-Arithmetic comparisons;FP;TP;FP;0.9;1064;205;1269;10000;GPT-3.5
Marvel_getComicById;105;daikon.inv.binary.twoScalar.IntGreaterEqual;Arithmetic comparisons;Marvel_getComicById-daikon.inv.binary.twoScalar.IntGreaterEqual;Marvel_getComicById-Arithmetic comparisons;FP;TP;FP;0.95;1056;264;1320;1000;GPT-3.5
Marvel_getComicById;106;daikon.inv.binary.twoScalar.IntGreaterEqual;Arithmetic comparisons;Marvel_getComicById-daikon.inv.binary.twoScalar.IntGreaterEqual;Marvel_getComicById-Arithmetic comparisons;FP;TP;FP;0.95;957;264;1221;10000;GPT-3.5
Marvel_getComicById;107;daikon.inv.binary.twoScalar.IntGreaterEqual;Arithmetic comparisons;Marvel_getComicById-daikon.inv.binary.twoScalar.IntGreaterEqual;Marvel_getComicById-Arithmetic comparisons;FP;TP;FP;0.9;1062;259;1321;500;GPT-3.5
Marvel_getComicById;108;daikon.inv.binary.twoScalar.IntNonEqual;Arithmetic comparisons;Marvel_getComicById-daikon.inv.binary.twoScalar.IntNonEqual;Marvel_getComicById-Arithmetic comparisons;FP;TP;FP;0.9;1035;236;1271;50;GPT-3.5
Marvel_getComicById;109;daikon.inv.binary.twoScalar.IntGreaterEqual;Arithmetic comparisons;Marvel_getComicById-daikon.inv.binary.twoScalar.IntGreaterEqual;Marvel_getComicById-Arithmetic comparisons;FP;TP;FP;0.95;1072;244;1316;10000;GPT-3.5
Marvel_getComicById;110;daikon.inv.binary.twoScalar.IntGreaterEqual;Arithmetic comparisons;Marvel_getComicById-daikon.inv.binary.twoScalar.IntGreaterEqual;Marvel_getComicById-Arithmetic comparisons;FP;TP;FP;0.9;967;284;1251;500;GPT-3.5
Marvel_getComicById;111;daikon.inv.binary.twoScalar.IntLessEqual;Arithmetic comparisons;Marvel_getComicById-daikon.inv.binary.twoScalar.IntLessEqual;Marvel_getComicById-Arithmetic comparisons;FP;TP;FP;0.9;977;206;1183;50;GPT-3.5
Marvel_getComicById;112;daikon.inv.binary.twoScalar.IntLessEqual;Arithmetic comparisons;Marvel_getComicById-daikon.inv.binary.twoScalar.IntLessEqual;Marvel_getComicById-Arithmetic comparisons;FP;FP;TN;0.6;1091;336;1427;500;GPT-3.5
Marvel_getComicById;113;daikon.inv.binary.twoScalar.IntLessEqual;Arithmetic comparisons;Marvel_getComicById-daikon.inv.binary.twoScalar.IntLessEqual;Marvel_getComicById-Arithmetic comparisons;FP;FP;TN;0.9;1028;288;1316;50;GPT-3.5
Marvel_getComicById;114;daikon.inv.binary.twoScalar.IntLessEqual;Arithmetic comparisons;Marvel_getComicById-daikon.inv.binary.twoScalar.IntLessEqual;Marvel_getComicById-Arithmetic comparisons;FP;TP;FP;0.9;869;183;1052;50;GPT-3.5
Marvel_getComicById;115;daikon.inv.binary.twoScalar.IntLessThan;Arithmetic comparisons;Marvel_getComicById-daikon.inv.binary.twoScalar.IntLessThan;Marvel_getComicById-Arithmetic comparisons;FP;FP;TN;0.9;1142;276;1418;500;GPT-3.5
Marvel_getComicById;116;daikon.inv.binary.twoScalar.IntLessEqual;Arithmetic comparisons;Marvel_getComicById-daikon.inv.binary.twoScalar.IntLessEqual;Marvel_getComicById-Arithmetic comparisons;FP;TP;FP;0.9;977;237;1214;50;GPT-3.5
Marvel_getComicById;117;daikon.inv.binary.twoScalar.IntLessEqual;Arithmetic comparisons;Marvel_getComicById-daikon.inv.binary.twoScalar.IntLessEqual;Marvel_getComicById-Arithmetic comparisons;FP;FP;TN;0.6;1074;223;1297;1000;GPT-3.5
Marvel_getComicById;118;daikon.inv.binary.twoScalar.IntLessEqual;Arithmetic comparisons;Marvel_getComicById-daikon.inv.binary.twoScalar.IntLessEqual;Marvel_getComicById-Arithmetic comparisons;FP;TP;FP;0.9;1056;238;1294;50;GPT-3.5
Marvel_getComicById;119;daikon.inv.binary.twoScalar.IntLessThan;Arithmetic comparisons;Marvel_getComicById-daikon.inv.binary.twoScalar.IntLessThan;Marvel_getComicById-Arithmetic comparisons;FP;FP;TN;0.8;835;289;1124;50;GPT-3.5
Marvel_getComicById;120;daikon.inv.binary.twoScalar.IntLessEqual;Arithmetic comparisons;Marvel_getComicById-daikon.inv.binary.twoScalar.IntLessEqual;Marvel_getComicById-Arithmetic comparisons;FP;TP;FP;0.9;855;230;1085;100;GPT-3.5
Marvel_getComicById;121;daikon.inv.binary.twoScalar.IntLessEqual;Arithmetic comparisons;Marvel_getComicById-daikon.inv.binary.twoScalar.IntLessEqual;Marvel_getComicById-Arithmetic comparisons;FP;TP;FP;0.9;857;221;1078;100;GPT-3.5
Marvel_getComicById;122;daikon.inv.binary.twoScalar.IntLessEqual;Arithmetic comparisons;Marvel_getComicById-daikon.inv.binary.twoScalar.IntLessEqual;Marvel_getComicById-Arithmetic comparisons;FP;TP;FP;0.9;972;209;1181;100;GPT-3.5
Marvel_getComicById;123;daikon.inv.binary.twoScalar.IntNonEqual;Arithmetic comparisons;Marvel_getComicById-daikon.inv.binary.twoScalar.IntNonEqual;Marvel_getComicById-Arithmetic comparisons;FP;FP;TN;0.9;882;281;1163;50;GPT-3.5
Marvel_getComicById;124;daikon.inv.binary.twoScalar.IntLessEqual;Arithmetic comparisons;Marvel_getComicById-daikon.inv.binary.twoScalar.IntLessEqual;Marvel_getComicById-Arithmetic comparisons;FP;TP;FP;0.95;859;252;1111;100;GPT-3.5
Marvel_getComicById;125;daikon.inv.binary.twoScalar.IntGreaterEqual;Arithmetic comparisons;Marvel_getComicById-daikon.inv.binary.twoScalar.IntGreaterEqual;Marvel_getComicById-Arithmetic comparisons;FP;TP;FP;0.9;856;300;1156;100;GPT-3.5
Marvel_getComicById;126;daikon.inv.binary.twoScalar.IntLessEqual;Arithmetic comparisons;Marvel_getComicById-daikon.inv.binary.twoScalar.IntLessEqual;Marvel_getComicById-Arithmetic comparisons;FP;FP;TN;0.7;976;322;1298;100;GPT-3.5
Marvel_getComicById;127;daikon.inv.binary.twoScalar.IntLessEqual;Arithmetic comparisons;Marvel_getComicById-daikon.inv.binary.twoScalar.IntLessEqual;Marvel_getComicById-Arithmetic comparisons;FP;FP;TN;0.3;854;274;1128;1000;GPT-3.5
Marvel_getComicById;128;daikon.inv.binary.twoScalar.IntLessEqual;Arithmetic comparisons;Marvel_getComicById-daikon.inv.binary.twoScalar.IntLessEqual;Marvel_getComicById-Arithmetic comparisons;FP;TP;FP;0.9;884;269;1153;500;GPT-3.5
Marvel_getComicById;129;daikon.inv.binary.twoScalar.IntNonEqual;Arithmetic comparisons;Marvel_getComicById-daikon.inv.binary.twoScalar.IntNonEqual;Marvel_getComicById-Arithmetic comparisons;FP;TP;FP;0.9;839;237;1076;50;GPT-3.5
Marvel_getComicById;130;daikon.inv.binary.twoScalar.IntGreaterEqual;Arithmetic comparisons;Marvel_getComicById-daikon.inv.binary.twoScalar.IntGreaterEqual;Marvel_getComicById-Arithmetic comparisons;FP;TP;FP;0.9;836;220;1056;1000;GPT-3.5
Marvel_getComicById;131;daikon.inv.binary.twoScalar.IntLessEqual;Arithmetic comparisons;Marvel_getComicById-daikon.inv.binary.twoScalar.IntLessEqual;Marvel_getComicById-Arithmetic comparisons;FP;TP;FP;0.9;830;255;1085;10000;GPT-3.5
Marvel_getComicById;132;daikon.inv.binary.twoScalar.IntGreaterEqual;Arithmetic comparisons;Marvel_getComicById-daikon.inv.binary.twoScalar.IntGreaterEqual;Marvel_getComicById-Arithmetic comparisons;FP;TP;FP;0.9;829;223;1052;100;GPT-3.5
Marvel_getComicById;133;daikon.inv.binary.twoScalar.NumericInt$Divides;Arithmetic comparisons;Marvel_getComicById-daikon.inv.binary.twoScalar.NumericInt$Divides;Marvel_getComicById-Arithmetic comparisons;FP;TP;FP;0.9;841;283;1124;1000;GPT-3.5
Marvel_getComicById;134;daikon.inv.binary.twoScalar.IntGreaterEqual;Arithmetic comparisons;Marvel_getComicById-daikon.inv.binary.twoScalar.IntGreaterEqual;Marvel_getComicById-Arithmetic comparisons;FP;TP;FP;0.95;832;227;1059;10000;GPT-3.5
Marvel_getComicById;135;daikon.inv.binary.twoScalar.IntNonEqual;Arithmetic comparisons;Marvel_getComicById-daikon.inv.binary.twoScalar.IntNonEqual;Marvel_getComicById-Arithmetic comparisons;FP;FP;TN;0.9;824;257;1081;50;GPT-3.5
Marvel_getComicById;136;daikon.inv.binary.twoScalar.IntGreaterEqual;Arithmetic comparisons;Marvel_getComicById-daikon.inv.binary.twoScalar.IntGreaterEqual;Marvel_getComicById-Arithmetic comparisons;FP;TP;FP;0.9;840;263;1103;1000;GPT-3.5
Marvel_getComicById;137;daikon.inv.binary.twoScalar.IntLessEqual;Arithmetic comparisons;Marvel_getComicById-daikon.inv.binary.twoScalar.IntLessEqual;Marvel_getComicById-Arithmetic comparisons;FP;TP;FP;0.95;834;253;1087;10000;GPT-3.5
Marvel_getComicById;138;daikon.inv.binary.twoScalar.IntGreaterEqual;Arithmetic comparisons;Marvel_getComicById-daikon.inv.binary.twoScalar.IntGreaterEqual;Marvel_getComicById-Arithmetic comparisons;FP;TP;FP;0.95;836;256;1092;10000;GPT-3.5
Marvel_getComicById;139;daikon.inv.binary.twoScalar.IntNonEqual;Arithmetic comparisons;Marvel_getComicById-daikon.inv.binary.twoScalar.IntNonEqual;Marvel_getComicById-Arithmetic comparisons;FP;TP;FP;0.9;837;254;1091;50;GPT-3.5
Marvel_getComicById;140;daikon.inv.binary.twoScalar.NumericInt$Divides;Arithmetic comparisons;Marvel_getComicById-daikon.inv.binary.twoScalar.NumericInt$Divides;Marvel_getComicById-Arithmetic comparisons;FP;TP;FP;0.9;874;212;1086;50;GPT-3.5
Marvel_getComicById;141;daikon.inv.binary.twoScalar.IntGreaterEqual;Arithmetic comparisons;Marvel_getComicById-daikon.inv.binary.twoScalar.IntGreaterEqual;Marvel_getComicById-Arithmetic comparisons;FP;TP;FP;0.9;838;248;1086;100;GPT-3.5
Marvel_getComicById;142;daikon.inv.binary.twoScalar.IntNonEqual;Arithmetic comparisons;Marvel_getComicById-daikon.inv.binary.twoScalar.IntNonEqual;Marvel_getComicById-Arithmetic comparisons;FP;TP;FP;0.9;839;261;1100;100;GPT-3.5
Marvel_getComicById;143;daikon.inv.binary.twoScalar.IntNonEqual;Arithmetic comparisons;Marvel_getComicById-daikon.inv.binary.twoScalar.IntNonEqual;Marvel_getComicById-Arithmetic comparisons;FP;FP;TN;0.6;841;251;1092;50;GPT-3.5
Marvel_getComicById;144;daikon.inv.binary.twoScalar.IntLessEqual;Arithmetic comparisons;Marvel_getComicById-daikon.inv.binary.twoScalar.IntLessEqual;Marvel_getComicById-Arithmetic comparisons;FP;TP;FP;0.9;838;249;1087;10000;GPT-3.5
Marvel_getComicById;145;daikon.inv.binary.twoScalar.IntNonEqual;Arithmetic comparisons;Marvel_getComicById-daikon.inv.binary.twoScalar.IntNonEqual;Marvel_getComicById-Arithmetic comparisons;FP;FP;TN;0.9;837;281;1118;100;GPT-3.5
Marvel_getComicById;146;daikon.inv.binary.twoScalar.IntGreaterEqual;Arithmetic comparisons;Marvel_getComicById-daikon.inv.binary.twoScalar.IntGreaterEqual;Marvel_getComicById-Arithmetic comparisons;FP;FP;TN;0.9;836;256;1092;100;GPT-3.5
Marvel_getComicById;147;daikon.inv.binary.twoScalar.IntLessEqual;Arithmetic comparisons;Marvel_getComicById-daikon.inv.binary.twoScalar.IntLessEqual;Marvel_getComicById-Arithmetic comparisons;FP;FP;TN;0.8;842;287;1129;10000;GPT-3.5
Marvel_getComicById;148;daikon.inv.binary.twoScalar.IntNonEqual;Arithmetic comparisons;Marvel_getComicById-daikon.inv.binary.twoScalar.IntNonEqual;Marvel_getComicById-Arithmetic comparisons;FP;FP;TN;0.9;839;237;1076;100;GPT-3.5
Marvel_getComicById;149;daikon.inv.binary.twoScalar.IntNonEqual;Arithmetic comparisons;Marvel_getComicById-daikon.inv.binary.twoScalar.IntNonEqual;Marvel_getComicById-Arithmetic comparisons;FP;FP;TN;0.6;832;229;1061;100;GPT-3.5
Marvel_getComicById;150;daikon.inv.binary.twoScalar.IntLessEqual;Arithmetic comparisons;Marvel_getComicById-daikon.inv.binary.twoScalar.IntLessEqual;Marvel_getComicById-Arithmetic comparisons;FP;TP;FP;0.9;863;237;1100;1000;GPT-3.5
Marvel_getComicById;151;daikon.inv.binary.twoScalar.IntLessEqual;Arithmetic comparisons;Marvel_getComicById-daikon.inv.binary.twoScalar.IntLessEqual;Marvel_getComicById-Arithmetic comparisons;FP;TP;FP;0.9;867;242;1109;10000;GPT-3.5
Marvel_getComicById;152;daikon.inv.binary.twoScalar.IntLessEqual;Arithmetic comparisons;Marvel_getComicById-daikon.inv.binary.twoScalar.IntLessEqual;Marvel_getComicById-Arithmetic comparisons;FP;TP;FP;0.9;823;215;1038;100;GPT-3.5
Marvel_getComicById;153;daikon.inv.binary.twoScalar.IntLessEqual;Arithmetic comparisons;Marvel_getComicById-daikon.inv.binary.twoScalar.IntLessEqual;Marvel_getComicById-Arithmetic comparisons;FP;TP;FP;0.9;853;260;1113;100;GPT-3.5
Marvel_getComicById;154;daikon.inv.binary.twoScalar.NumericInt$Divides;Arithmetic comparisons;Marvel_getComicById-daikon.inv.binary.twoScalar.NumericInt$Divides;Marvel_getComicById-Arithmetic comparisons;FP;TP;FP;0.95;1220;279;1499;1000;GPT-3.5
Marvel_getComicById;155;daikon.inv.binary.twoScalar.IntNonEqual;Arithmetic comparisons;Marvel_getComicById-daikon.inv.binary.twoScalar.IntNonEqual;Marvel_getComicById-Arithmetic comparisons;FP;TP;FP;0.9;824;254;1078;50;GPT-3.5
Marvel_getComicById;156;daikon.inv.binary.twoScalar.IntGreaterEqual;Arithmetic comparisons;Marvel_getComicById-daikon.inv.binary.twoScalar.IntGreaterEqual;Marvel_getComicById-Arithmetic comparisons;FP;TP;FP;0.9;1213;235;1448;10000;GPT-3.5
Marvel_getComicById;157;daikon.inv.binary.twoScalar.IntLessEqual;Arithmetic comparisons;Marvel_getComicById-daikon.inv.binary.twoScalar.IntLessEqual;Marvel_getComicById-Arithmetic comparisons;FP;TP;FP;0.95;1152;274;1426;1000;GPT-3.5
Marvel_getComicById;158;daikon.inv.binary.twoScalar.IntLessEqual;Arithmetic comparisons;Marvel_getComicById-daikon.inv.binary.twoScalar.IntLessEqual;Marvel_getComicById-Arithmetic comparisons;FP;FP;TN;0.8;858;306;1164;500;GPT-3.5
Marvel_getComicById;159;daikon.inv.binary.twoScalar.IntEqual;Arithmetic comparisons;Marvel_getComicById-daikon.inv.binary.twoScalar.IntEqual;Marvel_getComicById-Arithmetic comparisons;TP;TP;TP;0.9;1194;297;1491;10000;GPT-3.5
Marvel_getComicById;160;daikon.inv.binary.twoScalar.IntEqual;Arithmetic comparisons;Marvel_getComicById-daikon.inv.binary.twoScalar.IntEqual;Marvel_getComicById-Arithmetic comparisons;TP;FP;FN;0.8;724;251;975;10000;GPT-3.5
Marvel_getComicById;161;daikon.inv.binary.twoScalar.IntEqual;Arithmetic comparisons;Marvel_getComicById-daikon.inv.binary.twoScalar.IntEqual;Marvel_getComicById-Arithmetic comparisons;TP;TP;TP;0.95;1191;221;1412;10000;GPT-3.5
Marvel_getComicById;162;daikon.inv.binary.twoScalar.IntEqual;Arithmetic comparisons;Marvel_getComicById-daikon.inv.binary.twoScalar.IntEqual;Marvel_getComicById-Arithmetic comparisons;TP;TP;TP;0.9;1227;297;1524;10000;GPT-3.5
Marvel_getComicById;163;daikon.inv.binary.twoScalar.IntEqual;Arithmetic comparisons;Marvel_getComicById-daikon.inv.binary.twoScalar.IntEqual;Marvel_getComicById-Arithmetic comparisons;TP;FP;FN;0.8;1225;336;1561;10000;GPT-3.5
Marvel_getComicById;164;daikon.inv.unary.scalar.OneOfScalar;Specific values;Marvel_getComicById-daikon.inv.unary.scalar.OneOfScalar;Marvel_getComicById-Specific values;TP;TP;TP;0.9;709;187;896;10000;GPT-3.5
Marvel_getComicById;165;daikon.inv.unary.string.OneOfString;Specific values;Marvel_getComicById-daikon.inv.unary.string.OneOfString;Marvel_getComicById-Specific values;TP;FP;FN;0.8;708;220;928;10000;GPT-3.5
Marvel_getComicById;166;daikon.inv.unary.string.OneOfString;Specific values;Marvel_getComicById-daikon.inv.unary.string.OneOfString;Marvel_getComicById-Specific values;TP;FP;FN;0.7;722;270;992;10000;GPT-3.5
Marvel_getComicById;167;daikon.inv.unary.string.OneOfString;Specific values;Marvel_getComicById-daikon.inv.unary.string.OneOfString;Marvel_getComicById-Specific values;TP;FP;FN;0.7;760;227;987;10000;GPT-3.5
Marvel_getComicById;168;daikon.inv.unary.string.OneOfString;Specific values;Marvel_getComicById-daikon.inv.unary.string.OneOfString;Marvel_getComicById-Specific values;TP;TP;TP;0.9;789;190;979;10000;GPT-3.5
Marvel_getComicById;169;daikon.inv.unary.scalar.NonZero;Arithmetic comparisons;Marvel_getComicById-daikon.inv.unary.scalar.NonZero;Marvel_getComicById-Arithmetic comparisons;TP;TP;TP;0.9;638;174;812;10000;GPT-3.5
Marvel_getComicById;170;daikon.inv.unary.scalar.OneOfScalar;Specific values;Marvel_getComicById-daikon.inv.unary.scalar.OneOfScalar;Marvel_getComicById-Specific values;TP;TP;TP;0.9;718;257;975;10000;GPT-3.5
Marvel_getComicById;171;daikon.inv.unary.scalar.OneOfScalar;Specific values;Marvel_getComicById-daikon.inv.unary.scalar.OneOfScalar;Marvel_getComicById-Specific values;TP;FP;FN;0.9;725;210;935;10000;GPT-3.5
Marvel_getComicById;172;daikon.inv.unary.scalar.NonZero;Arithmetic comparisons;Marvel_getComicById-daikon.inv.unary.scalar.NonZero;Marvel_getComicById-Arithmetic comparisons;TP;TP;TP;0.95;1148;243;1391;10000;GPT-3.5
Marvel_getComicById;173;daikon.inv.unary.sequence.EltNonZero;Array properties;Marvel_getComicById-daikon.inv.unary.sequence.EltNonZero;Marvel_getComicById-Array properties;TP;TP;TP;0.95;1158;185;1343;10000;GPT-3.5
Marvel_getComicById;174;daikon.inv.binary.twoScalar.IntGreaterThan;Arithmetic comparisons;Marvel_getComicById-daikon.inv.binary.twoScalar.IntGreaterThan;Marvel_getComicById-Arithmetic comparisons;FP;TP;FP;0.9;773;166;939;100;GPT-3.5
Marvel_getComicById;175;daikon.inv.binary.twoScalar.IntGreaterThan;Arithmetic comparisons;Marvel_getComicById-daikon.inv.binary.twoScalar.IntGreaterThan;Marvel_getComicById-Arithmetic comparisons;FP;TP;FP;0.9;788;203;991;1000;GPT-3.5
Marvel_getComicById;176;daikon.inv.binary.twoScalar.IntGreaterThan;Arithmetic comparisons;Marvel_getComicById-daikon.inv.binary.twoScalar.IntGreaterThan;Marvel_getComicById-Arithmetic comparisons;TP;TP;TP;0.95;796;187;983;10000;GPT-3.5
Marvel_getComicById;177;daikon.inv.binary.sequenceScalar.SeqIntEqual;Array properties;Marvel_getComicById-daikon.inv.binary.sequenceScalar.SeqIntEqual;Marvel_getComicById-Array properties;TP;FP;FN;0.9;1216;259;1475;10000;GPT-3.5
Marvel_getComicById;178;daikon.inv.unary.string.FixedLengthString;Specific formats;Marvel_getComicById-daikon.inv.unary.string.FixedLengthString;Marvel_getComicById-Specific formats;TP;TP;TP;0.9;883;223;1106;10000;GPT-3.5
Marvel_getComicById;179;daikon.inv.unary.string.IsUrl;Specific formats;Marvel_getComicById-daikon.inv.unary.string.IsUrl;Marvel_getComicById-Specific formats;TP;TP;TP;0.95;878;228;1106;10000;GPT-3.5
Marvel_getComicById;180;daikon.inv.unary.string.IsUrl;Specific formats;Marvel_getComicById-daikon.inv.unary.string.IsUrl;Marvel_getComicById-Specific formats;TP;TP;TP;0.9;868;290;1158;10000;GPT-3.5
Marvel_getComicById;181;daikon.inv.unary.string.IsUrl;Specific formats;Marvel_getComicById-daikon.inv.unary.string.IsUrl;Marvel_getComicById-Specific formats;TP;TP;TP;0.95;889;245;1134;10000;GPT-3.5
Marvel_getComicById;182;daikon.inv.unary.string.FixedLengthString;Specific formats;Marvel_getComicById-daikon.inv.unary.string.FixedLengthString;Marvel_getComicById-Specific formats;TP;TP;TP;0.95;927;241;1168;10000;GPT-3.5
Marvel_getComicById;183;daikon.inv.unary.string.IsUrl;Specific formats;Marvel_getComicById-daikon.inv.unary.string.IsUrl;Marvel_getComicById-Specific formats;TP;TP;TP;0.95;922;224;1146;10000;GPT-3.5
Marvel_getComicById;184;daikon.inv.unary.string.FixedLengthString;Specific formats;Marvel_getComicById-daikon.inv.unary.string.FixedLengthString;Marvel_getComicById-Specific formats;TP;TP;TP;0.9;769;217;986;10000;GPT-3.5
Marvel_getComicById;185;daikon.inv.unary.string.IsUrl;Specific formats;Marvel_getComicById-daikon.inv.unary.string.IsUrl;Marvel_getComicById-Specific formats;TP;TP;TP;0.95;879;235;1114;10000;GPT-3.5
Marvel_getComicById;186;daikon.inv.unary.string.FixedLengthString;Specific formats;Marvel_getComicById-daikon.inv.unary.string.FixedLengthString;Marvel_getComicById-Specific formats;TP;TP;TP;0.9;773;221;994;10000;GPT-3.5
Marvel_getComicById;187;daikon.inv.unary.string.IsUrl;Specific formats;Marvel_getComicById-daikon.inv.unary.string.IsUrl;Marvel_getComicById-Specific formats;TP;TP;TP;0.9;918;238;1156;10000;GPT-3.5
Marvel_getComicById;188;daikon.inv.unary.string.IsUrl;Specific formats;Marvel_getComicById-daikon.inv.unary.string.IsUrl;Marvel_getComicById-Specific formats;TP;TP;TP;0.95;876;257;1133;10000;GPT-3.5
Marvel_getComicById;189;daikon.inv.unary.string.FixedLengthString;Specific formats;Marvel_getComicById-daikon.inv.unary.string.FixedLengthString;Marvel_getComicById-Specific formats;FP;TP;FP;0.9;809;220;1029;100;GPT-3.5
Marvel_getComicById;190;daikon.inv.unary.string.FixedLengthString;Specific formats;Marvel_getComicById-daikon.inv.unary.string.FixedLengthString;Marvel_getComicById-Specific formats;TP;TP;TP;0.95;788;223;1011;1000;GPT-3.5
Marvel_getComicById;191;daikon.inv.unary.string.FixedLengthString;Specific formats;Marvel_getComicById-daikon.inv.unary.string.FixedLengthString;Marvel_getComicById-Specific formats;TP;TP;TP;0.95;811;254;1065;1000;GPT-3.5
Marvel_getComicById;192;daikon.inv.unary.string.IsUrl;Specific formats;Marvel_getComicById-daikon.inv.unary.string.IsUrl;Marvel_getComicById-Specific formats;TP;TP;TP;0.9;827;266;1093;10000;GPT-3.5
Marvel_getComicById;193;daikon.inv.unary.string.IsUrl;Specific formats;Marvel_getComicById-daikon.inv.unary.string.IsUrl;Marvel_getComicById-Specific formats;TP;TP;TP;0.95;844;240;1084;10000;GPT-3.5
Marvel_getComicById;194;daikon.inv.unary.string.IsUrl;Specific formats;Marvel_getComicById-daikon.inv.unary.string.IsUrl;Marvel_getComicById-Specific formats;TP;TP;TP;0.9;904;170;1074;10000;GPT-3.5
Marvel_getComicById;195;daikon.inv.unary.string.FixedLengthString;Specific formats;Marvel_getComicById-daikon.inv.unary.string.FixedLengthString;Marvel_getComicById-Specific formats;TP;TP;TP;0.9;756;238;994;10000;GPT-3.5
Marvel_getComicById;196;daikon.inv.unary.string.IsUrl;Specific formats;Marvel_getComicById-daikon.inv.unary.string.IsUrl;Marvel_getComicById-Specific formats;TP;TP;TP;0.95;875;185;1060;10000;GPT-3.5
Marvel_getComicById;197;daikon.inv.unary.string.IsUrl;Specific formats;Marvel_getComicById-daikon.inv.unary.string.IsUrl;Marvel_getComicById-Specific formats;TP;TP;TP;0.95;857;308;1165;10000;GPT-3.5
Marvel_getComicById;198;daikon.inv.unary.string.IsUrl;Specific formats;Marvel_getComicById-daikon.inv.unary.string.IsUrl;Marvel_getComicById-Specific formats;TP;TP;TP;0.9;864;262;1126;10000;GPT-3.5
Marvel_getComicById;199;daikon.inv.unary.string.IsUrl;Specific formats;Marvel_getComicById-daikon.inv.unary.string.IsUrl;Marvel_getComicById-Specific formats;TP;TP;TP;0.9;853;227;1080;10000;GPT-3.5
Marvel_getComicById;200;daikon.inv.binary.twoString.StdString$SubString;String comparisons;Marvel_getComicById-daikon.inv.binary.twoString.StdString$SubString;Marvel_getComicById-String comparisons;FP;FP;TN;0.9;890;250;1140;1000;GPT-3.5
Marvel_getComicById;201;daikon.inv.binary.twoString.StdString$SubString;String comparisons;Marvel_getComicById-daikon.inv.binary.twoString.StdString$SubString;Marvel_getComicById-String comparisons;TP;TP;TP;0.95;1005;306;1311;10000;GPT-3.5
Marvel_getComicById;202;daikon.inv.binary.twoString.StdString$SubString;String comparisons;Marvel_getComicById-daikon.inv.binary.twoString.StdString$SubString;Marvel_getComicById-String comparisons;TP;TP;TP;1.0;988;266;1254;10000;GPT-3.5
Marvel_getComicById;203;daikon.inv.binary.twoString.StdString$SubString;String comparisons;Marvel_getComicById-daikon.inv.binary.twoString.StdString$SubString;Marvel_getComicById-String comparisons;TP;TP;TP;0.95;994;298;1292;10000;GPT-3.5
Marvel_getComicById;204;daikon.inv.binary.twoString.StdString$SubString;String comparisons;Marvel_getComicById-daikon.inv.binary.twoString.StdString$SubString;Marvel_getComicById-String comparisons;TP;TP;TP;0.95;983;287;1270;10000;GPT-3.5
Marvel_getComicById;205;daikon.inv.binary.twoSequence.SuperSet;Array properties;Marvel_getComicById-daikon.inv.binary.twoSequence.SuperSet;Marvel_getComicById-Array properties;FP;TP;FP;0.9;877;309;1186;50;GPT-3.5
Marvel_getComicById;206;daikon.inv.binary.twoSequence.SuperSet;Array properties;Marvel_getComicById-daikon.inv.binary.twoSequence.SuperSet;Marvel_getComicById-Array properties;FP;FP;TN;0.9;875;207;1082;50;GPT-3.5
Marvel_getComicById;207;daikon.inv.binary.twoSequence.SuperSet;Array properties;Marvel_getComicById-daikon.inv.binary.twoSequence.SuperSet;Marvel_getComicById-Array properties;FP;FP;TN;0.9;877;241;1118;50;GPT-3.5
Marvel_getComicById;208;daikon.inv.unary.string.FixedLengthString;Specific formats;Marvel_getComicById-daikon.inv.unary.string.FixedLengthString;Marvel_getComicById-Specific formats;TP;FP;FN;0.8;683;260;943;10000;GPT-3.5
Marvel_getComicById;209;daikon.inv.unary.string.FixedLengthString;Specific formats;Marvel_getComicById-daikon.inv.unary.string.FixedLengthString;Marvel_getComicById-Specific formats;TP;TP;TP;0.9;691;187;878;10000;GPT-3.5
Marvel_getComicById;210;daikon.inv.unary.string.FixedLengthString;Specific formats;Marvel_getComicById-daikon.inv.unary.string.FixedLengthString;Marvel_getComicById-Specific formats;TP;FP;FN;0.8;724;229;953;10000;GPT-3.5
Marvel_getComicById;211;daikon.inv.unary.string.FixedLengthString;Specific formats;Marvel_getComicById-daikon.inv.unary.string.FixedLengthString;Marvel_getComicById-Specific formats;TP;FP;FN;0.9;739;174;913;10000;GPT-3.5
Marvel_getComicById;212;daikon.inv.unary.scalar.OneOfScalar;Specific values;Marvel_getComicById-daikon.inv.unary.scalar.OneOfScalar;Marvel_getComicById-Specific values;TP;TP;TP;0.9;726;184;910;10000;GPT-3.5
Marvel_getComicById;213;daikon.inv.unary.string.FixedLengthString;Specific formats;Marvel_getComicById-daikon.inv.unary.string.FixedLengthString;Marvel_getComicById-Specific formats;TP;TP;TP;0.95;820;198;1018;10000;GPT-3.5
Marvel_getComicById;214;daikon.inv.binary.twoScalar.IntGreaterThan;Arithmetic comparisons;Marvel_getComicById-daikon.inv.binary.twoScalar.IntGreaterThan;Marvel_getComicById-Arithmetic comparisons;TP;FP;FN;0.9;797;223;1020;10000;GPT-3.5
Marvel_getComicById;215;daikon.inv.binary.twoString.StdString$SubString;String comparisons;Marvel_getComicById-daikon.inv.binary.twoString.StdString$SubString;Marvel_getComicById-String comparisons;TP;TP;TP;0.9;760;296;1056;10000;GPT-3.5
Marvel_getComicById;216;daikon.inv.binary.twoString.StdString$SubString;String comparisons;Marvel_getComicById-daikon.inv.binary.twoString.StdString$SubString;Marvel_getComicById-String comparisons;TP;TP;TP;0.9;808;172;980;10000;GPT-3.5
Marvel_getComicById;217;daikon.inv.binary.twoScalar.IntEqual;Arithmetic comparisons;Marvel_getComicById-daikon.inv.binary.twoScalar.IntEqual;Marvel_getComicById-Arithmetic comparisons;TP;TP;TP;0.95;1047;234;1281;10000;GPT-3.5
Marvel_getComicById;218;daikon.inv.unary.scalar.LowerBound;Specific values;Marvel_getComicById-daikon.inv.unary.scalar.LowerBound;Marvel_getComicById-Specific values;FP;TP;FP;0.9;789;265;1054;10000;GPT-3.5
Marvel_getComicById;219;daikon.inv.unary.scalar.OneOfScalar;Specific values;Marvel_getComicById-daikon.inv.unary.scalar.OneOfScalar;Marvel_getComicById-Specific values;FP;TP;FP;0.9;803;250;1053;1000;GPT-3.5
Marvel_getComicById;220;daikon.inv.unary.sequence.EltNonZero;Array properties;Marvel_getComicById-daikon.inv.unary.sequence.EltNonZero;Marvel_getComicById-Array properties;TP;TP;TP;0.9;760;272;1032;10000;GPT-3.5
Marvel_getComicById;221;daikon.inv.binary.twoScalar.IntGreaterThan;Arithmetic comparisons;Marvel_getComicById-daikon.inv.binary.twoScalar.IntGreaterThan;Marvel_getComicById-Arithmetic comparisons;FP;TP;FP;0.95;864;229;1093;10000;GPT-3.5
Marvel_getComicById;222;daikon.inv.binary.twoScalar.IntGreaterThan;Arithmetic comparisons;Marvel_getComicById-daikon.inv.binary.twoScalar.IntGreaterThan;Marvel_getComicById-Arithmetic comparisons;FP;TP;FP;0.9;1071;221;1292;10000;GPT-3.5
Marvel_getComicById;223;daikon.inv.binary.twoScalar.IntNonEqual;Arithmetic comparisons;Marvel_getComicById-daikon.inv.binary.twoScalar.IntNonEqual;Marvel_getComicById-Arithmetic comparisons;FP;TP;FP;0.9;872;231;1103;10000;GPT-3.5
Marvel_getComicById;224;daikon.inv.binary.twoScalar.IntGreaterEqual;Arithmetic comparisons;Marvel_getComicById-daikon.inv.binary.twoScalar.IntGreaterEqual;Marvel_getComicById-Arithmetic comparisons;FP;TP;FP;0.9;794;320;1114;100;GPT-3.5
Marvel_getComicById;225;daikon.inv.binary.twoScalar.IntGreaterEqual;Arithmetic comparisons;Marvel_getComicById-daikon.inv.binary.twoScalar.IntGreaterEqual;Marvel_getComicById-Arithmetic comparisons;FP;TP;FP;0.9;779;233;1012;100;GPT-3.5
Marvel_getComicById;226;daikon.inv.binary.twoScalar.IntGreaterEqual;Arithmetic comparisons;Marvel_getComicById-daikon.inv.binary.twoScalar.IntGreaterEqual;Marvel_getComicById-Arithmetic comparisons;FP;TP;FP;0.9;807;235;1042;100;GPT-3.5
Marvel_getComicById;227;daikon.inv.binary.twoScalar.IntGreaterEqual;Arithmetic comparisons;Marvel_getComicById-daikon.inv.binary.twoScalar.IntGreaterEqual;Marvel_getComicById-Arithmetic comparisons;FP;TP;FP;0.9;798;214;1012;100;GPT-3.5
Marvel_getComicById;228;daikon.inv.binary.twoScalar.IntGreaterEqual;Arithmetic comparisons;Marvel_getComicById-daikon.inv.binary.twoScalar.IntGreaterEqual;Marvel_getComicById-Arithmetic comparisons;TP;TP;TP;0.95;866;317;1183;10000;GPT-3.5
Marvel_getComicById;229;daikon.inv.binary.twoScalar.IntGreaterEqual;Arithmetic comparisons;Marvel_getComicById-daikon.inv.binary.twoScalar.IntGreaterEqual;Marvel_getComicById-Arithmetic comparisons;FP;TP;FP;0.9;881;284;1165;1000;GPT-3.5
Marvel_getComicById;230;daikon.inv.binary.twoScalar.IntGreaterThan;Arithmetic comparisons;Marvel_getComicById-daikon.inv.binary.twoScalar.IntGreaterThan;Marvel_getComicById-Arithmetic comparisons;FP;TP;FP;0.9;804;228;1032;100;GPT-3.5
Marvel_getComicById;231;daikon.inv.binary.twoScalar.IntGreaterEqual;Arithmetic comparisons;Marvel_getComicById-daikon.inv.binary.twoScalar.IntGreaterEqual;Marvel_getComicById-Arithmetic comparisons;FP;TP;FP;0.9;877;211;1088;1000;GPT-3.5
Marvel_getComicById;232;daikon.inv.binary.twoScalar.IntGreaterEqual;Arithmetic comparisons;Marvel_getComicById-daikon.inv.binary.twoScalar.IntGreaterEqual;Marvel_getComicById-Arithmetic comparisons;FP;TP;FP;0.9;1041;289;1330;10000;GPT-3.5
Marvel_getComicById;233;daikon.inv.binary.twoScalar.IntGreaterEqual;Arithmetic comparisons;Marvel_getComicById-daikon.inv.binary.twoScalar.IntGreaterEqual;Marvel_getComicById-Arithmetic comparisons;FP;TP;FP;0.9;1062;209;1271;1000;GPT-3.5
Marvel_getComicById;234;daikon.inv.binary.twoScalar.IntGreaterEqual;Arithmetic comparisons;Marvel_getComicById-daikon.inv.binary.twoScalar.IntGreaterEqual;Marvel_getComicById-Arithmetic comparisons;FP;TP;FP;0.95;1011;283;1294;10000;GPT-3.5
Marvel_getComicById;235;daikon.inv.binary.twoScalar.IntGreaterEqual;Arithmetic comparisons;Marvel_getComicById-daikon.inv.binary.twoScalar.IntGreaterEqual;Marvel_getComicById-Arithmetic comparisons;FP;TP;FP;0.9;805;223;1028;100;GPT-3.5
Marvel_getComicById;236;daikon.inv.binary.twoScalar.IntLessEqual;Arithmetic comparisons;Marvel_getComicById-daikon.inv.binary.twoScalar.IntLessEqual;Marvel_getComicById-Arithmetic comparisons;FP;TP;FP;0.95;989;250;1239;1000;GPT-3.5
Marvel_getComicById;237;daikon.inv.binary.twoScalar.IntLessEqual;Arithmetic comparisons;Marvel_getComicById-daikon.inv.binary.twoScalar.IntLessEqual;Marvel_getComicById-Arithmetic comparisons;FP;FP;TN;0.9;837;264;1101;1000;GPT-3.5
Marvel_getComicById;238;daikon.inv.binary.twoScalar.IntGreaterEqual;Arithmetic comparisons;Marvel_getComicById-daikon.inv.binary.twoScalar.IntGreaterEqual;Marvel_getComicById-Arithmetic comparisons;FP;TP;FP;0.9;852;226;1078;100;GPT-3.5
Marvel_getComicById;239;daikon.inv.binary.twoScalar.IntGreaterEqual;Arithmetic comparisons;Marvel_getComicById-daikon.inv.binary.twoScalar.IntGreaterEqual;Marvel_getComicById-Arithmetic comparisons;FP;FP;TN;0.9;864;254;1118;1000;GPT-3.5
Marvel_getComicById;240;daikon.inv.binary.twoScalar.IntGreaterEqual;Arithmetic comparisons;Marvel_getComicById-daikon.inv.binary.twoScalar.IntGreaterEqual;Marvel_getComicById-Arithmetic comparisons;FP;TP;FP;0.9;826;305;1131;100;GPT-3.5
Marvel_getComicById;241;daikon.inv.binary.twoScalar.IntGreaterEqual;Arithmetic comparisons;Marvel_getComicById-daikon.inv.binary.twoScalar.IntGreaterEqual;Marvel_getComicById-Arithmetic comparisons;FP;TP;FP;0.9;834;203;1037;100;GPT-3.5
Marvel_getComicById;242;daikon.inv.binary.twoScalar.IntGreaterEqual;Arithmetic comparisons;Marvel_getComicById-daikon.inv.binary.twoScalar.IntGreaterEqual;Marvel_getComicById-Arithmetic comparisons;FP;TP;FP;0.9;846;243;1089;1000;GPT-3.5
Marvel_getComicById;243;daikon.inv.binary.twoScalar.IntGreaterEqual;Arithmetic comparisons;Marvel_getComicById-daikon.inv.binary.twoScalar.IntGreaterEqual;Marvel_getComicById-Arithmetic comparisons;FP;TP;FP;0.9;832;219;1051;100;GPT-3.5
Marvel_getComicById;244;daikon.inv.binary.twoScalar.IntGreaterEqual;Arithmetic comparisons;Marvel_getComicById-daikon.inv.binary.twoScalar.IntGreaterEqual;Marvel_getComicById-Arithmetic comparisons;FP;TP;FP;0.9;844;271;1115;1000;GPT-3.5
Marvel_getComicById;245;daikon.inv.binary.twoScalar.IntLessThan;Arithmetic comparisons;Marvel_getComicById-daikon.inv.binary.twoScalar.IntLessThan;Marvel_getComicById-Arithmetic comparisons;FP;TP;FP;0.9;826;218;1044;100;GPT-3.5
Marvel_getComicById;246;daikon.inv.binary.twoScalar.IntLessEqual;Arithmetic comparisons;Marvel_getComicById-daikon.inv.binary.twoScalar.IntLessEqual;Marvel_getComicById-Arithmetic comparisons;FP;TP;FP;0.9;828;218;1046;100;GPT-3.5
Marvel_getComicById;247;daikon.inv.binary.twoScalar.IntLessEqual;Arithmetic comparisons;Marvel_getComicById-daikon.inv.binary.twoScalar.IntLessEqual;Marvel_getComicById-Arithmetic comparisons;FP;TP;FP;0.9;819;213;1032;100;GPT-3.5
Marvel_getComicById;248;daikon.inv.binary.twoScalar.IntLessEqual;Arithmetic comparisons;Marvel_getComicById-daikon.inv.binary.twoScalar.IntLessEqual;Marvel_getComicById-Arithmetic comparisons;FP;TP;FP;0.9;849;235;1084;100;GPT-3.5
Marvel_getComicById;249;daikon.inv.binary.twoScalar.IntLessThan;Arithmetic comparisons;Marvel_getComicById-daikon.inv.binary.twoScalar.IntLessThan;Marvel_getComicById-Arithmetic comparisons;FP;TP;FP;0.9;851;239;1090;100;GPT-3.5
Marvel_getComicById;250;daikon.inv.binary.twoScalar.IntGreaterEqual;Arithmetic comparisons;Marvel_getComicById-daikon.inv.binary.twoScalar.IntGreaterEqual;Marvel_getComicById-Arithmetic comparisons;FP;TP;FP;0.9;833;253;1086;1000;GPT-3.5
Marvel_getComicById;251;daikon.inv.binary.twoScalar.IntLessEqual;Arithmetic comparisons;Marvel_getComicById-daikon.inv.binary.twoScalar.IntLessEqual;Marvel_getComicById-Arithmetic comparisons;FP;TP;FP;0.9;834;245;1079;100;GPT-3.5
Marvel_getComicById;252;daikon.inv.binary.twoScalar.IntGreaterEqual;Arithmetic comparisons;Marvel_getComicById-daikon.inv.binary.twoScalar.IntGreaterEqual;Marvel_getComicById-Arithmetic comparisons;FP;TP;FP;0.9;1107;298;1405;1000;GPT-3.5
Marvel_getComicById;253;daikon.inv.binary.twoScalar.IntGreaterEqual;Arithmetic comparisons;Marvel_getComicById-daikon.inv.binary.twoScalar.IntGreaterEqual;Marvel_getComicById-Arithmetic comparisons;FP;TP;FP;0.9;833;201;1034;1000;GPT-3.5
Marvel_getComicById;254;daikon.inv.binary.twoScalar.IntGreaterEqual;Arithmetic comparisons;Marvel_getComicById-daikon.inv.binary.twoScalar.IntGreaterEqual;Marvel_getComicById-Arithmetic comparisons;FP;TP;FP;0.9;862;269;1131;500;GPT-3.5
Marvel_getComicById;255;daikon.inv.binary.twoScalar.IntGreaterEqual;Arithmetic comparisons;Marvel_getComicById-daikon.inv.binary.twoScalar.IntGreaterEqual;Marvel_getComicById-Arithmetic comparisons;FP;TP;FP;0.9;861;242;1103;1000;GPT-3.5
Marvel_getComicById;256;daikon.inv.unary.string.FixedLengthString;Specific formats;Marvel_getComicById-daikon.inv.unary.string.FixedLengthString;Marvel_getComicById-Specific formats;FP;TP;FP;0.9;865;239;1104;500;GPT-3.5
Marvel_getComicById;257;daikon.inv.unary.string.IsUrl;Specific formats;Marvel_getComicById-daikon.inv.unary.string.IsUrl;Marvel_getComicById-Specific formats;TP;TP;TP;0.9;861;269;1130;10000;GPT-3.5
Marvel_getComicById;258;daikon.inv.unary.string.FixedLengthString;Specific formats;Marvel_getComicById-daikon.inv.unary.string.FixedLengthString;Marvel_getComicById-Specific formats;TP;TP;TP;0.9;796;193;989;10000;GPT-3.5
Marvel_getComicById;259;daikon.inv.binary.twoScalar.IntEqual;Arithmetic comparisons;Marvel_getComicById-daikon.inv.binary.twoScalar.IntEqual;Marvel_getComicById-Arithmetic comparisons;TP;TP;TP;0.9;1090;191;1281;10000;GPT-3.5
Marvel_getComicById;260;daikon.inv.unary.sequence.EltNonZero;Array properties;Marvel_getComicById-daikon.inv.unary.sequence.EltNonZero;Marvel_getComicById-Array properties;TP;TP;TP;0.9;770;262;1032;10000;GPT-3.5
Marvel_getComicById;261;daikon.inv.unary.scalar.LowerBound;Specific values;Marvel_getComicById-daikon.inv.unary.scalar.LowerBound;Marvel_getComicById-Specific values;FP;TP;FP;1.0;793;274;1067;500;GPT-3.5
Marvel_getComicById;262;daikon.inv.binary.twoScalar.IntGreaterThan;Arithmetic comparisons;Marvel_getComicById-daikon.inv.binary.twoScalar.IntGreaterThan;Marvel_getComicById-Arithmetic comparisons;FP;TP;FP;0.95;870;274;1144;10000;GPT-3.5
Marvel_getComicById;263;daikon.inv.binary.twoScalar.IntNonEqual;Arithmetic comparisons;Marvel_getComicById-daikon.inv.binary.twoScalar.IntNonEqual;Marvel_getComicById-Arithmetic comparisons;FP;TP;FP;0.9;878;247;1125;10000;GPT-3.5
Marvel_getComicById;264;daikon.inv.binary.twoScalar.IntNonEqual;Arithmetic comparisons;Marvel_getComicById-daikon.inv.binary.twoScalar.IntNonEqual;Marvel_getComicById-Arithmetic comparisons;FP;TP;FP;0.95;857;233;1090;10000;GPT-3.5
Marvel_getComicById;265;daikon.inv.binary.twoScalar.IntGreaterEqual;Arithmetic comparisons;Marvel_getComicById-daikon.inv.binary.twoScalar.IntGreaterEqual;Marvel_getComicById-Arithmetic comparisons;FP;TP;FP;0.95;1065;268;1333;500;GPT-3.5
Marvel_getComicById;266;daikon.inv.binary.twoScalar.IntNonEqual;Arithmetic comparisons;Marvel_getComicById-daikon.inv.binary.twoScalar.IntNonEqual;Marvel_getComicById-Arithmetic comparisons;FP;TP;FP;0.9;914;268;1182;1000;GPT-3.5
Marvel_getComicById;267;daikon.inv.binary.twoScalar.IntGreaterEqual;Arithmetic comparisons;Marvel_getComicById-daikon.inv.binary.twoScalar.IntGreaterEqual;Marvel_getComicById-Arithmetic comparisons;FP;TP;FP;0.9;1006;256;1262;10000;GPT-3.5
Marvel_getComicById;268;daikon.inv.binary.twoScalar.IntNonEqual;Arithmetic comparisons;Marvel_getComicById-daikon.inv.binary.twoScalar.IntNonEqual;Marvel_getComicById-Arithmetic comparisons;FP;TP;FP;0.9;938;250;1188;1000;GPT-3.5
Marvel_getComicById;269;daikon.inv.binary.twoScalar.IntGreaterEqual;Arithmetic comparisons;Marvel_getComicById-daikon.inv.binary.twoScalar.IntGreaterEqual;Marvel_getComicById-Arithmetic comparisons;TP;TP;TP;0.9;878;252;1130;10000;GPT-3.5
Marvel_getComicById;270;daikon.inv.binary.twoScalar.IntGreaterThan;Arithmetic comparisons;Marvel_getComicById-daikon.inv.binary.twoScalar.IntGreaterThan;Marvel_getComicById-Arithmetic comparisons;FP;TP;FP;0.9;886;214;1100;1000;GPT-3.5
Marvel_getComicById;271;daikon.inv.binary.twoScalar.IntGreaterThan;Arithmetic comparisons;Marvel_getComicById-daikon.inv.binary.twoScalar.IntGreaterThan;Marvel_getComicById-Arithmetic comparisons;FP;TP;FP;0.9;940;259;1199;1000;GPT-3.5
Marvel_getComicById;272;daikon.inv.binary.twoScalar.IntGreaterEqual;Arithmetic comparisons;Marvel_getComicById-daikon.inv.binary.twoScalar.IntGreaterEqual;Marvel_getComicById-Arithmetic comparisons;FP;TP;FP;0.9;1070;266;1336;500;GPT-3.5
Marvel_getComicById;273;daikon.inv.binary.twoScalar.IntGreaterEqual;Arithmetic comparisons;Marvel_getComicById-daikon.inv.binary.twoScalar.IntGreaterEqual;Marvel_getComicById-Arithmetic comparisons;FP;TP;FP;0.95;1068;205;1273;10000;GPT-3.5
Marvel_getComicById;274;daikon.inv.binary.twoScalar.IntGreaterEqual;Arithmetic comparisons;Marvel_getComicById-daikon.inv.binary.twoScalar.IntGreaterEqual;Marvel_getComicById-Arithmetic comparisons;FP;TP;FP;0.9;934;205;1139;1000;GPT-3.5
Marvel_getComicById;275;daikon.inv.binary.twoScalar.IntGreaterEqual;Arithmetic comparisons;Marvel_getComicById-daikon.inv.binary.twoScalar.IntGreaterEqual;Marvel_getComicById-Arithmetic comparisons;FP;TP;FP;0.9;989;278;1267;500;GPT-3.5
Marvel_getComicById;276;daikon.inv.binary.twoScalar.IntLessEqual;Arithmetic comparisons;Marvel_getComicById-daikon.inv.binary.twoScalar.IntLessEqual;Marvel_getComicById-Arithmetic comparisons;FP;TP;FP;0.9;858;246;1104;10000;GPT-3.5
Marvel_getComicById;277;daikon.inv.binary.twoScalar.IntLessEqual;Arithmetic comparisons;Marvel_getComicById-daikon.inv.binary.twoScalar.IntLessEqual;Marvel_getComicById-Arithmetic comparisons;FP;TP;FP;0.9;860;270;1130;10000;GPT-3.5
Marvel_getComicById;278;daikon.inv.binary.twoScalar.IntLessEqual;Arithmetic comparisons;Marvel_getComicById-daikon.inv.binary.twoScalar.IntLessEqual;Marvel_getComicById-Arithmetic comparisons;FP;TP;FP;0.9;862;338;1200;10000;GPT-3.5
Marvel_getComicById;279;daikon.inv.binary.twoScalar.IntLessEqual;Arithmetic comparisons;Marvel_getComicById-daikon.inv.binary.twoScalar.IntLessEqual;Marvel_getComicById-Arithmetic comparisons;FP;TP;FP;0.9;1113;225;1338;10000;GPT-3.5
Marvel_getComicById;280;daikon.inv.binary.twoScalar.IntNonEqual;Arithmetic comparisons;Marvel_getComicById-daikon.inv.binary.twoScalar.IntNonEqual;Marvel_getComicById-Arithmetic comparisons;FP;FP;TN;0.9;846;254;1100;1000;GPT-3.5
Marvel_getComicById;281;daikon.inv.binary.twoScalar.IntNonEqual;Arithmetic comparisons;Marvel_getComicById-daikon.inv.binary.twoScalar.IntNonEqual;Marvel_getComicById-Arithmetic comparisons;FP;FP;TN;0.9;844;248;1092;1000;GPT-3.5
Marvel_getComicById;282;daikon.inv.binary.twoScalar.NumericInt$Divides;Arithmetic comparisons;Marvel_getComicById-daikon.inv.binary.twoScalar.NumericInt$Divides;Marvel_getComicById-Arithmetic comparisons;FP;TP;FP;0.9;856;235;1091;10000;GPT-3.5
Marvel_getComicById;283;daikon.inv.binary.twoScalar.NumericInt$Divides;Arithmetic comparisons;Marvel_getComicById-daikon.inv.binary.twoScalar.NumericInt$Divides;Marvel_getComicById-Arithmetic comparisons;FP;TP;FP;0.9;856;261;1117;10000;GPT-3.5
Marvel_getComicById;284;daikon.inv.binary.twoScalar.IntNonEqual;Arithmetic comparisons;Marvel_getComicById-daikon.inv.binary.twoScalar.IntNonEqual;Marvel_getComicById-Arithmetic comparisons;FP;FP;TN;0.9;846;294;1140;1000;GPT-3.5
Marvel_getComicById;285;daikon.inv.binary.twoScalar.IntNonEqual;Arithmetic comparisons;Marvel_getComicById-daikon.inv.binary.twoScalar.IntNonEqual;Marvel_getComicById-Arithmetic comparisons;FP;FP;TN;0.4;848;275;1123;1000;GPT-3.5
Marvel_getComicById;286;daikon.inv.binary.twoScalar.IntNonEqual;Arithmetic comparisons;Marvel_getComicById-daikon.inv.binary.twoScalar.IntNonEqual;Marvel_getComicById-Arithmetic comparisons;FP;FP;TN;0.9;848;245;1093;1000;GPT-3.5
Marvel_getComicById;287;daikon.inv.binary.twoScalar.IntNonEqual;Arithmetic comparisons;Marvel_getComicById-daikon.inv.binary.twoScalar.IntNonEqual;Marvel_getComicById-Arithmetic comparisons;FP;FP;TN;0.7;841;240;1081;1000;GPT-3.5
Marvel_getComicById;288;daikon.inv.binary.twoScalar.IntLessEqual;Arithmetic comparisons;Marvel_getComicById-daikon.inv.binary.twoScalar.IntLessEqual;Marvel_getComicById-Arithmetic comparisons;FP;TP;FP;0.9;873;275;1148;1000;GPT-3.5
Marvel_getComicById;289;daikon.inv.binary.twoScalar.IntNonEqual;Arithmetic comparisons;Marvel_getComicById-daikon.inv.binary.twoScalar.IntNonEqual;Marvel_getComicById-Arithmetic comparisons;TP;TP;TP;0.95;777;215;992;10000;GPT-3.5
Marvel_getComicById;290;daikon.inv.unary.string.IsUrl;Specific formats;Marvel_getComicById-daikon.inv.unary.string.IsUrl;Marvel_getComicById-Specific formats;TP;TP;TP;0.95;887;278;1165;10000;GPT-3.5
Marvel_getComicById;291;daikon.inv.binary.twoScalar.IntGreaterEqual;Arithmetic comparisons;Marvel_getComicById-daikon.inv.binary.twoScalar.IntGreaterEqual;Marvel_getComicById-Arithmetic comparisons;FP;TP;FP;0.9;1066;292;1358;1000;GPT-3.5
Marvel_getComicById;292;daikon.inv.binary.twoScalar.IntGreaterEqual;Arithmetic comparisons;Marvel_getComicById-daikon.inv.binary.twoScalar.IntGreaterEqual;Marvel_getComicById-Arithmetic comparisons;FP;TP;FP;0.9;1022;288;1310;1000;GPT-3.5
Marvel_getComicById;293;daikon.inv.binary.twoScalar.IntGreaterEqual;Arithmetic comparisons;Marvel_getComicById-daikon.inv.binary.twoScalar.IntGreaterEqual;Marvel_getComicById-Arithmetic comparisons;FP;TP;FP;0.95;1042;249;1291;10000;GPT-3.5
Marvel_getComicById;294;daikon.inv.binary.twoScalar.IntGreaterEqual;Arithmetic comparisons;Marvel_getComicById-daikon.inv.binary.twoScalar.IntGreaterEqual;Marvel_getComicById-Arithmetic comparisons;FP;TP;FP;0.9;1038;239;1277;10000;GPT-3.5
Marvel_getComicById;295;daikon.inv.binary.twoScalar.IntGreaterEqual;Arithmetic comparisons;Marvel_getComicById-daikon.inv.binary.twoScalar.IntGreaterEqual;Marvel_getComicById-Arithmetic comparisons;FP;TP;FP;0.95;1062;225;1287;10000;GPT-3.5
Marvel_getComicById;296;daikon.inv.binary.twoScalar.IntGreaterEqual;Arithmetic comparisons;Marvel_getComicById-daikon.inv.binary.twoScalar.IntGreaterEqual;Marvel_getComicById-Arithmetic comparisons;FP;TP;FP;0.95;973;283;1256;10000;GPT-3.5
Marvel_getComicById;297;daikon.inv.binary.twoScalar.IntGreaterEqual;Arithmetic comparisons;Marvel_getComicById-daikon.inv.binary.twoScalar.IntGreaterEqual;Marvel_getComicById-Arithmetic comparisons;FP;TP;FP;0.9;1076;330;1406;10000;GPT-3.5
Marvel_getComicById;298;daikon.inv.binary.twoScalar.IntGreaterEqual;Arithmetic comparisons;Marvel_getComicById-daikon.inv.binary.twoScalar.IntGreaterEqual;Marvel_getComicById-Arithmetic comparisons;FP;TP;FP;0.95;997;287;1284;10000;GPT-3.5
Marvel_getComicById;299;daikon.inv.binary.twoScalar.IntLessEqual;Arithmetic comparisons;Marvel_getComicById-daikon.inv.binary.twoScalar.IntLessEqual;Marvel_getComicById-Arithmetic comparisons;FP;TP;FP;0.95;1095;275;1370;10000;GPT-3.5
Marvel_getComicById;300;daikon.inv.binary.twoScalar.IntLessEqual;Arithmetic comparisons;Marvel_getComicById-daikon.inv.binary.twoScalar.IntLessEqual;Marvel_getComicById-Arithmetic comparisons;FP;TP;FP;0.9;1145;264;1409;1000;GPT-3.5
Marvel_getComicById;301;daikon.inv.binary.twoScalar.IntGreaterEqual;Arithmetic comparisons;Marvel_getComicById-daikon.inv.binary.twoScalar.IntGreaterEqual;Marvel_getComicById-Arithmetic comparisons;FP;FP;TN;0.9;838;242;1080;10000;GPT-3.5
Marvel_getComicById;302;daikon.inv.unary.string.OneOfString;Specific values;Marvel_getComicById-daikon.inv.unary.string.OneOfString;Marvel_getComicById-Specific values;TP;TP;TP;0.9;801;269;1070;10000;GPT-3.5
Marvel_getComicById;303;daikon.inv.unary.string.OneOfString;Specific values;Marvel_getComicById-daikon.inv.unary.string.OneOfString;Marvel_getComicById-Specific values;TP;TP;TP;0.9;788;230;1018;10000;GPT-3.5
Marvel_getComicById;304;daikon.inv.unary.scalar.OneOfScalar;Specific values;Marvel_getComicById-daikon.inv.unary.scalar.OneOfScalar;Marvel_getComicById-Specific values;FP;TP;FP;0.9;814;313;1127;10000;GPT-3.5
Marvel_getComicById;305;daikon.inv.unary.scalar.LowerBound;Specific values;Marvel_getComicById-daikon.inv.unary.scalar.LowerBound;Marvel_getComicById-Specific values;TP;TP;TP;0.9;1014;318;1332;10000;GPT-3.5
Marvel_getComicById;306;daikon.inv.binary.twoScalar.IntGreaterEqual;Arithmetic comparisons;Marvel_getComicById-daikon.inv.binary.twoScalar.IntGreaterEqual;Marvel_getComicById-Arithmetic comparisons;FP;TP;FP;0.9;1033;256;1289;10000;GPT-3.5
Marvel_getComicById;307;daikon.inv.binary.twoScalar.IntGreaterEqual;Arithmetic comparisons;Marvel_getComicById-daikon.inv.binary.twoScalar.IntGreaterEqual;Marvel_getComicById-Arithmetic comparisons;FP;TP;FP;0.9;1027;224;1251;10000;GPT-3.5
Marvel_getComicById;308;daikon.inv.binary.twoScalar.IntGreaterEqual;Arithmetic comparisons;Marvel_getComicById-daikon.inv.binary.twoScalar.IntGreaterEqual;Marvel_getComicById-Arithmetic comparisons;FP;TP;FP;0.9;887;265;1152;10000;GPT-3.5
Marvel_getComicById;309;daikon.inv.binary.twoScalar.IntNonEqual;Arithmetic comparisons;Marvel_getComicById-daikon.inv.binary.twoScalar.IntNonEqual;Marvel_getComicById-Arithmetic comparisons;FP;TP;FP;0.9;1095;232;1327;10000;GPT-3.5
Marvel_getComicById;310;daikon.inv.binary.twoScalar.IntNonEqual;Arithmetic comparisons;Marvel_getComicById-daikon.inv.binary.twoScalar.IntNonEqual;Marvel_getComicById-Arithmetic comparisons;FP;TP;FP;0.95;1097;196;1293;10000;GPT-3.5
Marvel_getComicById;311;daikon.inv.binary.twoScalar.IntGreaterEqual;Arithmetic comparisons;Marvel_getComicById-daikon.inv.binary.twoScalar.IntGreaterEqual;Marvel_getComicById-Arithmetic comparisons;FP;TP;FP;1.0;883;219;1102;10000;GPT-3.5
Marvel_getComicById;312;daikon.inv.binary.twoScalar.IntNonEqual;Arithmetic comparisons;Marvel_getComicById-daikon.inv.binary.twoScalar.IntNonEqual;Marvel_getComicById-Arithmetic comparisons;FP;TP;FP;0.9;1091;250;1341;10000;GPT-3.5
Marvel_getComicById;313;daikon.inv.binary.twoScalar.IntLessEqual;Arithmetic comparisons;Marvel_getComicById-daikon.inv.binary.twoScalar.IntLessEqual;Marvel_getComicById-Arithmetic comparisons;FP;TP;FP;0.95;1142;217;1359;10000;GPT-3.5
Marvel_getComicById;314;daikon.inv.binary.twoScalar.IntGreaterEqual;Arithmetic comparisons;Marvel_getComicById-daikon.inv.binary.twoScalar.IntGreaterEqual;Marvel_getComicById-Arithmetic comparisons;FP;FP;TN;0.9;840;268;1108;10000;GPT-3.5
Marvel_getComicById;315;daikon.inv.binary.twoScalar.IntGreaterEqual;Arithmetic comparisons;Marvel_getComicById-daikon.inv.binary.twoScalar.IntGreaterEqual;Marvel_getComicById-Arithmetic comparisons;FP;FP;TN;0.9;838;258;1096;10000;GPT-3.5
Marvel_getComicById;316;daikon.inv.binary.twoScalar.IntGreaterEqual;Arithmetic comparisons;Marvel_getComicById-daikon.inv.binary.twoScalar.IntGreaterEqual;Marvel_getComicById-Arithmetic comparisons;FP;TP;FP;0.9;1102;248;1350;10000;GPT-3.5
Marvel_getComicById;317;daikon.inv.binary.twoScalar.IntGreaterEqual;Arithmetic comparisons;Marvel_getComicById-daikon.inv.binary.twoScalar.IntGreaterEqual;Marvel_getComicById-Arithmetic comparisons;FP;TP;FP;0.9;863;240;1103;10000;GPT-3.5
Marvel_getComicById;318;daikon.inv.binary.twoScalar.IntNonEqual;Arithmetic comparisons;Marvel_getComicById-daikon.inv.binary.twoScalar.IntNonEqual;Marvel_getComicById-Arithmetic comparisons;TP;TP;TP;0.95;790;231;1021;10000;GPT-3.5
YouTube_listVideos;0;daikon.inv.binary.twoScalar.IntEqual;Arithmetic comparisons;YouTube_listVideos-daikon.inv.binary.twoScalar.IntEqual;YouTube_listVideos-Arithmetic comparisons;FP;FP;TN;0.9;792;251;1043;10000;GPT-3.5
YouTube_listVideos;1;daikon.inv.binary.twoScalar.IntEqual;Arithmetic comparisons;YouTube_listVideos-daikon.inv.binary.twoScalar.IntEqual;YouTube_listVideos-Arithmetic comparisons;FP;TP;FP;0.9;789;311;1100;10000;GPT-3.5
YouTube_listVideos;2;daikon.inv.binary.twoScalar.IntEqual;Arithmetic comparisons;YouTube_listVideos-daikon.inv.binary.twoScalar.IntEqual;YouTube_listVideos-Arithmetic comparisons;FP;TP;FP;0.95;771;228;999;10000;GPT-3.5
YouTube_listVideos;3;daikon.inv.binary.twoScalar.IntEqual;Arithmetic comparisons;YouTube_listVideos-daikon.inv.binary.twoScalar.IntEqual;YouTube_listVideos-Arithmetic comparisons;FP;TP;FP;0.9;770;278;1048;10000;GPT-3.5
YouTube_listVideos;4;daikon.inv.binary.twoString.StringEqual;String comparisons;YouTube_listVideos-daikon.inv.binary.twoString.StringEqual;YouTube_listVideos-String comparisons;FP;TP;FP;0.9;934;242;1176;500;GPT-3.5
YouTube_listVideos;5;daikon.inv.binary.twoString.StringEqual;String comparisons;YouTube_listVideos-daikon.inv.binary.twoString.StringEqual;YouTube_listVideos-String comparisons;FP;TP;FP;0.95;956;247;1203;500;GPT-3.5
YouTube_listVideos;6;daikon.inv.binary.twoScalar.IntEqual;Arithmetic comparisons;YouTube_listVideos-daikon.inv.binary.twoScalar.IntEqual;YouTube_listVideos-Arithmetic comparisons;TP;TP;TP;0.95;810;225;1035;10000;GPT-3.5
YouTube_listVideos;7;daikon.inv.binary.twoScalar.IntEqual;Arithmetic comparisons;YouTube_listVideos-daikon.inv.binary.twoScalar.IntEqual;YouTube_listVideos-Arithmetic comparisons;TP;FP;FN;0.8;748;326;1074;10000;GPT-3.5
YouTube_listVideos;8;daikon.inv.binary.twoScalar.IntEqual;Arithmetic comparisons;YouTube_listVideos-daikon.inv.binary.twoScalar.IntEqual;YouTube_listVideos-Arithmetic comparisons;TP;TP;TP;0.9;723;282;1005;10000;GPT-3.5
YouTube_listVideos;9;daikon.inv.binary.twoScalar.IntEqual;Arithmetic comparisons;YouTube_listVideos-daikon.inv.binary.twoScalar.IntEqual;YouTube_listVideos-Arithmetic comparisons;TP;FP;FN;0.8;780;316;1096;10000;GPT-3.5
YouTube_listVideos;10;daikon.inv.binary.twoScalar.IntEqual;Arithmetic comparisons;YouTube_listVideos-daikon.inv.binary.twoScalar.IntEqual;YouTube_listVideos-Arithmetic comparisons;TP;FP;FN;0.9;778;243;1021;10000;GPT-3.5
YouTube_listVideos;11;daikon.inv.binary.twoScalar.IntEqual;Arithmetic comparisons;YouTube_listVideos-daikon.inv.binary.twoScalar.IntEqual;YouTube_listVideos-Arithmetic comparisons;TP;TP;TP;0.9;801;279;1080;10000;GPT-3.5
YouTube_listVideos;12;daikon.inv.binary.twoScalar.IntEqual;Arithmetic comparisons;YouTube_listVideos-daikon.inv.binary.twoScalar.IntEqual;YouTube_listVideos-Arithmetic comparisons;FP;TP;FP;0.9;810;234;1044;50;GPT-3.5
YouTube_listVideos;13;daikon.inv.unary.scalar.OneOfScalar;Specific values;YouTube_listVideos-daikon.inv.unary.scalar.OneOfScalar;YouTube_listVideos-Specific values;TP;TP;TP;0.9;647;221;868;10000;GPT-3.5
YouTube_listVideos;14;daikon.inv.unary.string.OneOfString;Specific values;YouTube_listVideos-daikon.inv.unary.string.OneOfString;YouTube_listVideos-Specific values;TP;TP;TP;1.0;745;207;952;10000;GPT-3.5
YouTube_listVideos;15;daikon.inv.unary.scalar.OneOfScalar;Specific values;YouTube_listVideos-daikon.inv.unary.scalar.OneOfScalar;YouTube_listVideos-Specific values;TP;TP;TP;0.95;683;237;920;10000;GPT-3.5
YouTube_listVideos;16;daikon.inv.unary.string.OneOfString;Specific values;YouTube_listVideos-daikon.inv.unary.string.OneOfString;YouTube_listVideos-Specific values;TP;TP;TP;1.0;753;231;984;10000;GPT-3.5
YouTube_listVideos;17;daikon.inv.unary.string.OneOfString;Specific values;YouTube_listVideos-daikon.inv.unary.string.OneOfString;YouTube_listVideos-Specific values;TP;TP;TP;0.9;750;250;1000;10000;GPT-3.5
YouTube_listVideos;18;daikon.inv.unary.string.OneOfString;Specific values;YouTube_listVideos-daikon.inv.unary.string.OneOfString;YouTube_listVideos-Specific values;FP;TP;FP;0.9;730;260;990;100;GPT-3.5
YouTube_listVideos;19;daikon.inv.unary.stringsequence.OneOfStringSequence;Specific values;YouTube_listVideos-daikon.inv.unary.stringsequence.OneOfStringSequence;YouTube_listVideos-Specific values;FP;TP;FP;0.9;1147;247;1394;50;GPT-3.5
YouTube_listVideos;20;daikon.inv.unary.scalar.OneOfScalar;Specific values;YouTube_listVideos-daikon.inv.unary.scalar.OneOfScalar;YouTube_listVideos-Specific values;TP;TP;TP;0.9;683;232;915;10000;GPT-3.5
YouTube_listVideos;21;daikon.inv.unary.scalar.OneOfScalar;Specific values;YouTube_listVideos-daikon.inv.unary.scalar.OneOfScalar;YouTube_listVideos-Specific values;TP;TP;TP;0.95;821;223;1044;10000;GPT-3.5
YouTube_listVideos;22;daikon.inv.unary.scalar.OneOfScalar;Specific values;YouTube_listVideos-daikon.inv.unary.scalar.OneOfScalar;YouTube_listVideos-Specific values;TP;FP;FN;1.0;924;246;1170;10000;GPT-3.5
YouTube_listVideos;23;daikon.inv.unary.string.OneOfString;Specific values;YouTube_listVideos-daikon.inv.unary.string.OneOfString;YouTube_listVideos-Specific values;TP;FP;FN;1.0;697;242;939;10000;GPT-3.5
YouTube_listVideos;24;daikon.inv.unary.scalar.OneOfScalar;Specific values;YouTube_listVideos-daikon.inv.unary.scalar.OneOfScalar;YouTube_listVideos-Specific values;TP;FP;FN;0.9;660;234;894;10000;GPT-3.5
YouTube_listVideos;25;daikon.inv.unary.scalar.OneOfScalar;Specific values;YouTube_listVideos-daikon.inv.unary.scalar.OneOfScalar;YouTube_listVideos-Specific values;TP;TP;TP;0.9;682;230;912;10000;GPT-3.5
YouTube_listVideos;26;daikon.inv.unary.scalar.OneOfScalar;Specific values;YouTube_listVideos-daikon.inv.unary.scalar.OneOfScalar;YouTube_listVideos-Specific values;TP;FP;FN;0.9;664;199;863;10000;GPT-3.5
YouTube_listVideos;27;daikon.inv.unary.scalar.OneOfScalar;Specific values;YouTube_listVideos-daikon.inv.unary.scalar.OneOfScalar;YouTube_listVideos-Specific values;TP;TP;TP;0.9;690;268;958;10000;GPT-3.5
YouTube_listVideos;28;daikon.inv.unary.scalar.OneOfScalar;Specific values;YouTube_listVideos-daikon.inv.unary.scalar.OneOfScalar;YouTube_listVideos-Specific values;TP;TP;TP;0.9;799;253;1052;10000;GPT-3.5
YouTube_listVideos;29;daikon.inv.unary.scalar.OneOfFloat;Specific values;YouTube_listVideos-daikon.inv.unary.scalar.OneOfFloat;YouTube_listVideos-Specific values;TP;TP;TP;0.9;752;236;988;10000;GPT-3.5
YouTube_listVideos;30;daikon.inv.unary.scalar.OneOfFloat;Specific values;YouTube_listVideos-daikon.inv.unary.scalar.OneOfFloat;YouTube_listVideos-Specific values;FP;TP;FP;0.9;768;251;1019;50;GPT-3.5
YouTube_listVideos;31;daikon.inv.unary.scalar.OneOfFloat;Specific values;YouTube_listVideos-daikon.inv.unary.scalar.OneOfFloat;YouTube_listVideos-Specific values;FP;TP;FP;0.9;770;232;1002;50;GPT-3.5
YouTube_listVideos;32;daikon.inv.unary.string.OneOfString;Specific values;YouTube_listVideos-daikon.inv.unary.string.OneOfString;YouTube_listVideos-Specific values;FP;TP;FP;0.9;745;202;947;50;GPT-3.5
YouTube_listVideos;33;daikon.inv.unary.string.OneOfString;Specific values;YouTube_listVideos-daikon.inv.unary.string.OneOfString;YouTube_listVideos-Specific values;FP;TP;FP;0.9;763;250;1013;50;GPT-3.5
YouTube_listVideos;34;daikon.inv.unary.scalar.OneOfScalar;Specific values;YouTube_listVideos-daikon.inv.unary.scalar.OneOfScalar;YouTube_listVideos-Specific values;TP;TP;TP;0.9;779;220;999;10000;GPT-3.5
YouTube_listVideos;35;daikon.inv.unary.scalar.OneOfScalar;Specific values;YouTube_listVideos-daikon.inv.unary.scalar.OneOfScalar;YouTube_listVideos-Specific values;TP;TP;TP;0.9;779;231;1010;10000;GPT-3.5
YouTube_listVideos;36;daikon.inv.unary.scalar.OneOfScalar;Specific values;YouTube_listVideos-daikon.inv.unary.scalar.OneOfScalar;YouTube_listVideos-Specific values;TP;TP;TP;0.9;779;297;1076;10000;GPT-3.5
YouTube_listVideos;37;daikon.inv.unary.scalar.OneOfScalar;Specific values;YouTube_listVideos-daikon.inv.unary.scalar.OneOfScalar;YouTube_listVideos-Specific values;TP;TP;TP;0.9;779;364;1143;10000;GPT-3.5
YouTube_listVideos;38;daikon.inv.unary.scalar.OneOfScalar;Specific values;YouTube_listVideos-daikon.inv.unary.scalar.OneOfScalar;YouTube_listVideos-Specific values;TP;FP;FN;0.9;782;226;1008;10000;GPT-3.5
YouTube_listVideos;39;daikon.inv.unary.scalar.OneOfScalar;Specific values;YouTube_listVideos-daikon.inv.unary.scalar.OneOfScalar;YouTube_listVideos-Specific values;TP;TP;TP;0.95;784;263;1047;10000;GPT-3.5
YouTube_listVideos;40;daikon.inv.unary.scalar.OneOfScalar;Specific values;YouTube_listVideos-daikon.inv.unary.scalar.OneOfScalar;YouTube_listVideos-Specific values;TP;TP;TP;0.9;779;317;1096;10000;GPT-3.5
YouTube_listVideos;41;daikon.inv.unary.scalar.OneOfScalar;Specific values;YouTube_listVideos-daikon.inv.unary.scalar.OneOfScalar;YouTube_listVideos-Specific values;TP;TP;TP;0.9;779;240;1019;10000;GPT-3.5
YouTube_listVideos;42;daikon.inv.unary.scalar.OneOfScalar;Specific values;YouTube_listVideos-daikon.inv.unary.scalar.OneOfScalar;YouTube_listVideos-Specific values;TP;TP;TP;0.9;779;235;1014;10000;GPT-3.5
YouTube_listVideos;43;daikon.inv.unary.scalar.OneOfScalar;Specific values;YouTube_listVideos-daikon.inv.unary.scalar.OneOfScalar;YouTube_listVideos-Specific values;TP;TP;TP;0.95;779;258;1037;10000;GPT-3.5
YouTube_listVideos;44;daikon.inv.unary.string.OneOfString;Specific values;YouTube_listVideos-daikon.inv.unary.string.OneOfString;YouTube_listVideos-Specific values;FP;TP;FP;0.9;734;262;996;10000;GPT-3.5
YouTube_listVideos;45;daikon.inv.unary.string.OneOfString;Specific values;YouTube_listVideos-daikon.inv.unary.string.OneOfString;YouTube_listVideos-Specific values;TP;TP;TP;0.9;762;238;1000;10000;GPT-3.5
YouTube_listVideos;46;daikon.inv.unary.scalar.OneOfScalar;Specific values;YouTube_listVideos-daikon.inv.unary.scalar.OneOfScalar;YouTube_listVideos-Specific values;FP;TP;FP;0.95;718;229;947;100;GPT-3.5
YouTube_listVideos;47;daikon.inv.unary.string.OneOfString;Specific values;YouTube_listVideos-daikon.inv.unary.string.OneOfString;YouTube_listVideos-Specific values;FP;TP;FP;0.9;757;275;1032;500;GPT-3.5
YouTube_listVideos;48;daikon.inv.unary.string.OneOfString;Specific values;YouTube_listVideos-daikon.inv.unary.string.OneOfString;YouTube_listVideos-Specific values;FP;TP;FP;0.9;757;246;1003;10000;GPT-3.5
YouTube_listVideos;49;daikon.inv.unary.scalar.OneOfScalar;Specific values;YouTube_listVideos-daikon.inv.unary.scalar.OneOfScalar;YouTube_listVideos-Specific values;TP;TP;TP;0.9;667;216;883;10000;GPT-3.5
YouTube_listVideos;50;daikon.inv.unary.scalar.OneOfScalar;Specific values;YouTube_listVideos-daikon.inv.unary.scalar.OneOfScalar;YouTube_listVideos-Specific values;TP;TP;TP;0.95;712;207;919;10000;GPT-3.5
YouTube_listVideos;51;daikon.inv.unary.scalar.OneOfScalar;Specific values;YouTube_listVideos-daikon.inv.unary.scalar.OneOfScalar;YouTube_listVideos-Specific values;TP;TP;TP;0.95;818;221;1039;10000;GPT-3.5
YouTube_listVideos;52;daikon.inv.unary.scalar.OneOfScalar;Specific values;YouTube_listVideos-daikon.inv.unary.scalar.OneOfScalar;YouTube_listVideos-Specific values;FP;TP;FP;0.9;793;288;1081;50;GPT-3.5
YouTube_listVideos;53;daikon.inv.unary.scalar.LowerBound;Specific values;YouTube_listVideos-daikon.inv.unary.scalar.LowerBound;YouTube_listVideos-Specific values;TP;TP;TP;0.9;884;226;1110;10000;GPT-3.5
YouTube_listVideos;54;daikon.inv.unary.scalar.LowerBound;Specific values;YouTube_listVideos-daikon.inv.unary.scalar.LowerBound;YouTube_listVideos-Specific values;TP;TP;TP;0.95;897;254;1151;10000;GPT-3.5
YouTube_listVideos;55;daikon.inv.binary.sequenceString.MemberString;Array properties;YouTube_listVideos-daikon.inv.binary.sequenceString.MemberString;YouTube_listVideos-Array properties;TP;TP;TP;0.95;1045;253;1298;10000;GPT-3.5
YouTube_listVideos;56;daikon.inv.binary.sequenceString.MemberString;Array properties;YouTube_listVideos-daikon.inv.binary.sequenceString.MemberString;YouTube_listVideos-Array properties;FP;FP;TN;0.9;704;250;954;50;GPT-3.5
YouTube_listVideos;57;daikon.inv.binary.sequenceString.MemberString;Array properties;YouTube_listVideos-daikon.inv.binary.sequenceString.MemberString;YouTube_listVideos-Array properties;FP;FP;TN;0.9;703;239;942;50;GPT-3.5
YouTube_listVideos;58;daikon.inv.binary.sequenceString.MemberString;Array properties;YouTube_listVideos-daikon.inv.binary.sequenceString.MemberString;YouTube_listVideos-Array properties;FP;FP;TN;0.9;719;241;960;50;GPT-3.5
YouTube_listVideos;59;daikon.inv.binary.sequenceString.MemberString;Array properties;YouTube_listVideos-daikon.inv.binary.sequenceString.MemberString;YouTube_listVideos-Array properties;FP;TP;FP;0.9;709;215;924;50;GPT-3.5
YouTube_listVideos;60;daikon.inv.binary.twoScalar.IntGreaterThan;Arithmetic comparisons;YouTube_listVideos-daikon.inv.binary.twoScalar.IntGreaterThan;YouTube_listVideos-Arithmetic comparisons;FP;FP;TN;0.9;860;278;1138;1000;GPT-3.5
YouTube_listVideos;61;daikon.inv.binary.twoScalar.IntGreaterThan;Arithmetic comparisons;YouTube_listVideos-daikon.inv.binary.twoScalar.IntGreaterThan;YouTube_listVideos-Arithmetic comparisons;FP;TP;FP;0.9;861;249;1110;1000;GPT-3.5
YouTube_listVideos;62;daikon.inv.binary.twoScalar.IntGreaterThan;Arithmetic comparisons;YouTube_listVideos-daikon.inv.binary.twoScalar.IntGreaterThan;YouTube_listVideos-Arithmetic comparisons;FP;TP;FP;0.9;860;243;1103;100;GPT-3.5
YouTube_listVideos;63;daikon.inv.binary.twoScalar.IntGreaterThan;Arithmetic comparisons;YouTube_listVideos-daikon.inv.binary.twoScalar.IntGreaterThan;YouTube_listVideos-Arithmetic comparisons;FP;TP;FP;0.9;860;386;1246;100;GPT-3.5
YouTube_listVideos;64;daikon.inv.binary.twoScalar.IntGreaterThan;Arithmetic comparisons;YouTube_listVideos-daikon.inv.binary.twoScalar.IntGreaterThan;YouTube_listVideos-Arithmetic comparisons;FP;FP;TN;0.9;867;289;1156;100;GPT-3.5
YouTube_listVideos;65;daikon.inv.binary.twoScalar.IntNonEqual;Arithmetic comparisons;YouTube_listVideos-daikon.inv.binary.twoScalar.IntNonEqual;YouTube_listVideos-Arithmetic comparisons;FP;TP;FP;0.95;876;308;1184;10000;GPT-3.5
YouTube_listVideos;66;daikon.inv.binary.twoScalar.IntGreaterThan;Arithmetic comparisons;YouTube_listVideos-daikon.inv.binary.twoScalar.IntGreaterThan;YouTube_listVideos-Arithmetic comparisons;FP;FP;TN;0.9;860;315;1175;1000;GPT-3.5
YouTube_listVideos;67;daikon.inv.binary.twoScalar.IntGreaterThan;Arithmetic comparisons;YouTube_listVideos-daikon.inv.binary.twoScalar.IntGreaterThan;YouTube_listVideos-Arithmetic comparisons;FP;TP;FP;0.9;859;249;1108;100;GPT-3.5
YouTube_listVideos;68;daikon.inv.binary.twoScalar.IntGreaterThan;Arithmetic comparisons;YouTube_listVideos-daikon.inv.binary.twoScalar.IntGreaterThan;YouTube_listVideos-Arithmetic comparisons;FP;TP;FP;0.9;859;268;1127;100;GPT-3.5
YouTube_listVideos;69;daikon.inv.binary.twoScalar.IntGreaterThan;Arithmetic comparisons;YouTube_listVideos-daikon.inv.binary.twoScalar.IntGreaterThan;YouTube_listVideos-Arithmetic comparisons;FP;TP;FP;0.9;859;301;1160;100;GPT-3.5
YouTube_listVideos;70;daikon.inv.binary.twoScalar.IntGreaterThan;Arithmetic comparisons;YouTube_listVideos-daikon.inv.binary.twoScalar.IntGreaterThan;YouTube_listVideos-Arithmetic comparisons;FP;TP;FP;0.9;914;217;1131;10000;GPT-3.5
YouTube_listVideos;71;daikon.inv.binary.twoScalar.IntGreaterThan;Arithmetic comparisons;YouTube_listVideos-daikon.inv.binary.twoScalar.IntGreaterThan;YouTube_listVideos-Arithmetic comparisons;FP;TP;FP;0.95;854;259;1113;10000;GPT-3.5
YouTube_listVideos;72;daikon.inv.binary.twoScalar.IntGreaterThan;Arithmetic comparisons;YouTube_listVideos-daikon.inv.binary.twoScalar.IntGreaterThan;YouTube_listVideos-Arithmetic comparisons;FP;TP;FP;0.95;898;339;1237;10000;GPT-3.5
YouTube_listVideos;73;daikon.inv.binary.twoScalar.IntLessThan;Arithmetic comparisons;YouTube_listVideos-daikon.inv.binary.twoScalar.IntLessThan;YouTube_listVideos-Arithmetic comparisons;TP;TP;TP;0.95;914;277;1191;10000;GPT-3.5
YouTube_listVideos;74;daikon.inv.binary.twoScalar.IntLessThan;Arithmetic comparisons;YouTube_listVideos-daikon.inv.binary.twoScalar.IntLessThan;YouTube_listVideos-Arithmetic comparisons;TP;FP;FN;0.9;914;343;1257;10000;GPT-3.5
YouTube_listVideos;75;daikon.inv.binary.twoScalar.IntLessThan;Arithmetic comparisons;YouTube_listVideos-daikon.inv.binary.twoScalar.IntLessThan;YouTube_listVideos-Arithmetic comparisons;TP;TP;TP;0.95;914;261;1175;10000;GPT-3.5
YouTube_listVideos;76;daikon.inv.binary.twoScalar.IntLessThan;Arithmetic comparisons;YouTube_listVideos-daikon.inv.binary.twoScalar.IntLessThan;YouTube_listVideos-Arithmetic comparisons;TP;TP;TP;0.9;914;303;1217;10000;GPT-3.5
YouTube_listVideos;77;daikon.inv.binary.twoScalar.IntLessThan;Arithmetic comparisons;YouTube_listVideos-daikon.inv.binary.twoScalar.IntLessThan;YouTube_listVideos-Arithmetic comparisons;TP;FP;FN;0.8;921;304;1225;10000;GPT-3.5
YouTube_listVideos;78;daikon.inv.binary.twoScalar.IntLessThan;Arithmetic comparisons;YouTube_listVideos-daikon.inv.binary.twoScalar.IntLessThan;YouTube_listVideos-Arithmetic comparisons;TP;TP;TP;0.9;926;337;1263;10000;GPT-3.5
YouTube_listVideos;79;daikon.inv.binary.twoScalar.IntLessThan;Arithmetic comparisons;YouTube_listVideos-daikon.inv.binary.twoScalar.IntLessThan;YouTube_listVideos-Arithmetic comparisons;TP;FP;FN;0.8;914;275;1189;10000;GPT-3.5
YouTube_listVideos;80;daikon.inv.binary.twoScalar.IntLessThan;Arithmetic comparisons;YouTube_listVideos-daikon.inv.binary.twoScalar.IntLessThan;YouTube_listVideos-Arithmetic comparisons;TP;FP;FN;0.6;914;329;1243;10000;GPT-3.5
YouTube_listVideos;81;daikon.inv.binary.twoScalar.IntLessThan;Arithmetic comparisons;YouTube_listVideos-daikon.inv.binary.twoScalar.IntLessThan;YouTube_listVideos-Arithmetic comparisons;TP;TP;TP;0.9;914;253;1167;10000;GPT-3.5
YouTube_listVideos;82;daikon.inv.binary.twoScalar.IntLessThan;Arithmetic comparisons;YouTube_listVideos-daikon.inv.binary.twoScalar.IntLessThan;YouTube_listVideos-Arithmetic comparisons;TP;TP;TP;0.9;914;305;1219;10000;GPT-3.5
YouTube_listVideos;83;daikon.inv.binary.twoScalar.IntGreaterThan;Arithmetic comparisons;YouTube_listVideos-daikon.inv.binary.twoScalar.IntGreaterThan;YouTube_listVideos-Arithmetic comparisons;FP;TP;FP;0.9;968;300;1268;100;GPT-3.5
YouTube_listVideos;84;daikon.inv.binary.twoScalar.IntGreaterThan;Arithmetic comparisons;YouTube_listVideos-daikon.inv.binary.twoScalar.IntGreaterThan;YouTube_listVideos-Arithmetic comparisons;FP;TP;FP;0.9;973;311;1284;50;GPT-3.5
YouTube_listVideos;85;daikon.inv.binary.twoScalar.IntGreaterThan;Arithmetic comparisons;YouTube_listVideos-daikon.inv.binary.twoScalar.IntGreaterThan;YouTube_listVideos-Arithmetic comparisons;FP;TP;FP;0.9;871;287;1158;100;GPT-3.5
YouTube_listVideos;86;daikon.inv.binary.twoScalar.IntGreaterThan;Arithmetic comparisons;YouTube_listVideos-daikon.inv.binary.twoScalar.IntGreaterThan;YouTube_listVideos-Arithmetic comparisons;FP;TP;FP;0.9;871;227;1098;100;GPT-3.5
YouTube_listVideos;87;daikon.inv.binary.twoScalar.IntGreaterThan;Arithmetic comparisons;YouTube_listVideos-daikon.inv.binary.twoScalar.IntGreaterThan;YouTube_listVideos-Arithmetic comparisons;FP;TP;FP;0.9;872;270;1142;100;GPT-3.5
YouTube_listVideos;88;daikon.inv.binary.twoScalar.IntGreaterThan;Arithmetic comparisons;YouTube_listVideos-daikon.inv.binary.twoScalar.IntGreaterThan;YouTube_listVideos-Arithmetic comparisons;FP;TP;FP;0.9;871;223;1094;100;GPT-3.5
YouTube_listVideos;89;daikon.inv.binary.twoScalar.IntNonEqual;Arithmetic comparisons;YouTube_listVideos-daikon.inv.binary.twoScalar.IntNonEqual;YouTube_listVideos-Arithmetic comparisons;FP;TP;FP;0.95;881;311;1192;10000;GPT-3.5
YouTube_listVideos;90;daikon.inv.binary.twoScalar.IntNonEqual;Arithmetic comparisons;YouTube_listVideos-daikon.inv.binary.twoScalar.IntNonEqual;YouTube_listVideos-Arithmetic comparisons;FP;TP;FP;0.95;886;228;1114;10000;GPT-3.5
YouTube_listVideos;91;daikon.inv.binary.twoScalar.IntGreaterThan;Arithmetic comparisons;YouTube_listVideos-daikon.inv.binary.twoScalar.IntGreaterThan;YouTube_listVideos-Arithmetic comparisons;FP;FP;TN;0.9;871;67;938;100;GPT-3.5
YouTube_listVideos;92;daikon.inv.binary.twoScalar.IntGreaterThan;Arithmetic comparisons;YouTube_listVideos-daikon.inv.binary.twoScalar.IntGreaterThan;YouTube_listVideos-Arithmetic comparisons;FP;FP;TN;0.9;871;288;1159;100;GPT-3.5
YouTube_listVideos;93;daikon.inv.binary.twoScalar.IntGreaterThan;Arithmetic comparisons;YouTube_listVideos-daikon.inv.binary.twoScalar.IntGreaterThan;YouTube_listVideos-Arithmetic comparisons;FP;TP;FP;0.9;871;309;1180;100;GPT-3.5
YouTube_listVideos;94;daikon.inv.binary.twoScalar.IntGreaterThan;Arithmetic comparisons;YouTube_listVideos-daikon.inv.binary.twoScalar.IntGreaterThan;YouTube_listVideos-Arithmetic comparisons;FP;TP;FP;0.9;871;268;1139;100;GPT-3.5
YouTube_listVideos;95;daikon.inv.binary.twoScalar.IntGreaterThan;Arithmetic comparisons;YouTube_listVideos-daikon.inv.binary.twoScalar.IntGreaterThan;YouTube_listVideos-Arithmetic comparisons;FP;TP;FP;0.9;958;259;1217;10000;GPT-3.5
YouTube_listVideos;96;daikon.inv.binary.twoScalar.IntGreaterThan;Arithmetic comparisons;YouTube_listVideos-daikon.inv.binary.twoScalar.IntGreaterThan;YouTube_listVideos-Arithmetic comparisons;FP;TP;FP;0.95;906;268;1174;10000;GPT-3.5
YouTube_listVideos;97;daikon.inv.binary.sequenceString.MemberString;Array properties;YouTube_listVideos-daikon.inv.binary.sequenceString.MemberString;YouTube_listVideos-Array properties;FP;TP;FP;0.9;802;255;1057;10000;GPT-3.5
YouTube_listVideos;98;daikon.inv.binary.sequenceString.MemberString;Array properties;YouTube_listVideos-daikon.inv.binary.sequenceString.MemberString;YouTube_listVideos-Array properties;TP;TP;TP;0.9;853;231;1084;100;GPT-3.5
YouTube_listVideos;99;daikon.inv.binary.sequenceString.MemberString;Array properties;YouTube_listVideos-daikon.inv.binary.sequenceString.MemberString;YouTube_listVideos-Array properties;FP;FP;TN;0.9;817;268;1085;100;GPT-3.5
YouTube_listVideos;100;daikon.inv.binary.sequenceString.MemberString;Array properties;YouTube_listVideos-daikon.inv.binary.sequenceString.MemberString;YouTube_listVideos-Array properties;FP;TP;FP;0.9;816;265;1081;100;GPT-3.5
YouTube_listVideos;101;daikon.inv.binary.sequenceString.MemberString;Array properties;YouTube_listVideos-daikon.inv.binary.sequenceString.MemberString;YouTube_listVideos-Array properties;FP;TP;FP;0.9;808;267;1075;100;GPT-3.5
YouTube_listVideos;102;daikon.inv.binary.sequenceString.MemberString;Array properties;YouTube_listVideos-daikon.inv.binary.sequenceString.MemberString;YouTube_listVideos-Array properties;FP;TP;FP;0.9;792;289;1081;100;GPT-3.5
YouTube_listVideos;103;daikon.inv.binary.sequenceString.MemberString;Array properties;YouTube_listVideos-daikon.inv.binary.sequenceString.MemberString;YouTube_listVideos-Array properties;FP;TP;FP;0.9;811;259;1070;100;GPT-3.5
YouTube_listVideos;104;daikon.inv.binary.sequenceString.MemberString;Array properties;YouTube_listVideos-daikon.inv.binary.sequenceString.MemberString;YouTube_listVideos-Array properties;FP;TP;FP;0.9;799;317;1116;100;GPT-3.5
YouTube_listVideos;105;daikon.inv.binary.sequenceString.MemberString;Array properties;YouTube_listVideos-daikon.inv.binary.sequenceString.MemberString;YouTube_listVideos-Array properties;FP;FP;TN;0.9;809;273;1082;1000;GPT-3.5
YouTube_listVideos;106;daikon.inv.binary.sequenceString.MemberString;Array properties;YouTube_listVideos-daikon.inv.binary.sequenceString.MemberString;YouTube_listVideos-Array properties;FP;FP;TN;0.95;808;302;1110;10000;GPT-3.5
YouTube_listVideos;107;daikon.inv.binary.sequenceString.MemberString;Array properties;YouTube_listVideos-daikon.inv.binary.sequenceString.MemberString;YouTube_listVideos-Array properties;FP;TP;FP;0.9;812;300;1112;100;GPT-3.5
YouTube_listVideos;108;daikon.inv.binary.sequenceString.MemberString;Array properties;YouTube_listVideos-daikon.inv.binary.sequenceString.MemberString;YouTube_listVideos-Array properties;FP;FP;TN;0.9;820;282;1102;100;GPT-3.5
YouTube_listVideos;109;daikon.inv.binary.sequenceString.MemberString;Array properties;YouTube_listVideos-daikon.inv.binary.sequenceString.MemberString;YouTube_listVideos-Array properties;FP;TP;FP;0.9;815;287;1102;100;GPT-3.5
YouTube_listVideos;110;daikon.inv.binary.sequenceString.MemberString;Array properties;YouTube_listVideos-daikon.inv.binary.sequenceString.MemberString;YouTube_listVideos-Array properties;FP;TP;FP;0.9;823;291;1114;100;GPT-3.5
YouTube_listVideos;111;daikon.inv.binary.sequenceString.MemberString;Array properties;YouTube_listVideos-daikon.inv.binary.sequenceString.MemberString;YouTube_listVideos-Array properties;FP;TP;FP;0.9;813;252;1065;100;GPT-3.5
YouTube_listVideos;112;daikon.inv.binary.sequenceString.MemberString;Array properties;YouTube_listVideos-daikon.inv.binary.sequenceString.MemberString;YouTube_listVideos-Array properties;FP;TP;FP;0.9;818;291;1109;100;GPT-3.5
YouTube_listVideos;113;daikon.inv.binary.sequenceString.MemberString;Array properties;YouTube_listVideos-daikon.inv.binary.sequenceString.MemberString;YouTube_listVideos-Array properties;FP;TP;FP;0.9;848;253;1101;100;GPT-3.5
YouTube_listVideos;114;daikon.inv.binary.sequenceString.MemberString;Array properties;YouTube_listVideos-daikon.inv.binary.sequenceString.MemberString;YouTube_listVideos-Array properties;FP;FP;TN;0.9;814;333;1147;100;GPT-3.5
YouTube_listVideos;115;daikon.inv.binary.sequenceString.MemberString;Array properties;YouTube_listVideos-daikon.inv.binary.sequenceString.MemberString;YouTube_listVideos-Array properties;FP;FP;TN;0.9;858;266;1124;100;GPT-3.5
YouTube_listVideos;116;daikon.inv.binary.sequenceString.MemberString;Array properties;YouTube_listVideos-daikon.inv.binary.sequenceString.MemberString;YouTube_listVideos-Array properties;FP;TP;FP;0.9;858;281;1139;100;GPT-3.5
YouTube_listVideos;117;daikon.inv.binary.sequenceString.MemberString;Array properties;YouTube_listVideos-daikon.inv.binary.sequenceString.MemberString;YouTube_listVideos-Array properties;FP;TP;FP;0.9;860;288;1148;100;GPT-3.5
YouTube_listVideos;118;daikon.inv.binary.sequenceString.MemberString;Array properties;YouTube_listVideos-daikon.inv.binary.sequenceString.MemberString;YouTube_listVideos-Array properties;FP;TP;FP;0.9;858;274;1132;100;GPT-3.5
YouTube_listVideos;119;daikon.inv.binary.sequenceString.MemberString;Array properties;YouTube_listVideos-daikon.inv.binary.sequenceString.MemberString;YouTube_listVideos-Array properties;FP;TP;FP;0.9;858;310;1168;100;GPT-3.5
YouTube_listVideos;120;daikon.inv.binary.sequenceString.MemberString;Array properties;YouTube_listVideos-daikon.inv.binary.sequenceString.MemberString;YouTube_listVideos-Array properties;FP;TP;FP;0.9;818;235;1053;100;GPT-3.5
YouTube_listVideos;121;daikon.inv.binary.sequenceString.MemberString;Array properties;YouTube_listVideos-daikon.inv.binary.sequenceString.MemberString;YouTube_listVideos-Array properties;FP;TP;FP;0.9;812;345;1157;100;GPT-3.5
YouTube_listVideos;122;daikon.inv.binary.sequenceString.MemberString;Array properties;YouTube_listVideos-daikon.inv.binary.sequenceString.MemberString;YouTube_listVideos-Array properties;FP;FP;TN;0.9;819;320;1139;100;GPT-3.5
YouTube_listVideos;123;daikon.inv.binary.sequenceString.MemberString;Array properties;YouTube_listVideos-daikon.inv.binary.sequenceString.MemberString;YouTube_listVideos-Array properties;FP;TP;FP;0.9;823;280;1103;100;GPT-3.5
YouTube_listVideos;124;daikon.inv.binary.sequenceString.MemberString;Array properties;YouTube_listVideos-daikon.inv.binary.sequenceString.MemberString;YouTube_listVideos-Array properties;FP;FP;TN;0.9;814;264;1078;100;GPT-3.5
YouTube_listVideos;125;daikon.inv.binary.sequenceString.MemberString;Array properties;YouTube_listVideos-daikon.inv.binary.sequenceString.MemberString;YouTube_listVideos-Array properties;FP;TP;FP;0.9;829;253;1082;100;GPT-3.5
YouTube_listVideos;126;daikon.inv.binary.sequenceString.MemberString;Array properties;YouTube_listVideos-daikon.inv.binary.sequenceString.MemberString;YouTube_listVideos-Array properties;FP;TP;FP;0.9;823;274;1097;100;GPT-3.5
YouTube_listVideos;127;daikon.inv.binary.sequenceString.MemberString;Array properties;YouTube_listVideos-daikon.inv.binary.sequenceString.MemberString;YouTube_listVideos-Array properties;FP;FP;TN;0.9;826;258;1084;100;GPT-3.5
YouTube_listVideos;128;daikon.inv.binary.sequenceString.MemberString;Array properties;YouTube_listVideos-daikon.inv.binary.sequenceString.MemberString;YouTube_listVideos-Array properties;FP;FP;TN;0.9;817;299;1116;100;GPT-3.5
YouTube_listVideos;129;daikon.inv.binary.sequenceString.MemberString;Array properties;YouTube_listVideos-daikon.inv.binary.sequenceString.MemberString;YouTube_listVideos-Array properties;FP;FP;TN;0.9;816;323;1139;100;GPT-3.5
YouTube_listVideos;130;daikon.inv.binary.sequenceString.MemberString;Array properties;YouTube_listVideos-daikon.inv.binary.sequenceString.MemberString;YouTube_listVideos-Array properties;FP;FP;TN;0.9;808;288;1096;100;GPT-3.5
YouTube_listVideos;131;daikon.inv.binary.sequenceString.MemberString;Array properties;YouTube_listVideos-daikon.inv.binary.sequenceString.MemberString;YouTube_listVideos-Array properties;FP;TP;FP;0.9;809;238;1047;1000;GPT-3.5
YouTube_listVideos;132;daikon.inv.binary.sequenceString.MemberString;Array properties;YouTube_listVideos-daikon.inv.binary.sequenceString.MemberString;YouTube_listVideos-Array properties;FP;FP;TN;0.9;808;302;1110;1000;GPT-3.5
YouTube_listVideos;133;daikon.inv.binary.sequenceString.MemberString;Array properties;YouTube_listVideos-daikon.inv.binary.sequenceString.MemberString;YouTube_listVideos-Array properties;FP;FP;TN;0.9;813;259;1072;100;GPT-3.5
YouTube_listVideos;134;daikon.inv.binary.sequenceString.MemberString;Array properties;YouTube_listVideos-daikon.inv.binary.sequenceString.MemberString;YouTube_listVideos-Array properties;FP;FP;TN;0.9;829;290;1119;50;GPT-3.5
YouTube_listVideos;135;daikon.inv.binary.sequenceString.MemberString;Array properties;YouTube_listVideos-daikon.inv.binary.sequenceString.MemberString;YouTube_listVideos-Array properties;FP;TP;FP;0.9;823;278;1101;50;GPT-3.5
YouTube_listVideos;136;daikon.inv.binary.sequenceString.MemberString;Array properties;YouTube_listVideos-daikon.inv.binary.sequenceString.MemberString;YouTube_listVideos-Array properties;FP;FP;TN;0.9;826;287;1113;50;GPT-3.5
YouTube_listVideos;137;daikon.inv.binary.sequenceString.MemberString;Array properties;YouTube_listVideos-daikon.inv.binary.sequenceString.MemberString;YouTube_listVideos-Array properties;FP;FP;TN;0.9;749;249;998;100;GPT-3.5
YouTube_listVideos;138;daikon.inv.binary.sequenceString.MemberString;Array properties;YouTube_listVideos-daikon.inv.binary.sequenceString.MemberString;YouTube_listVideos-Array properties;FP;TP;FP;0.9;748;255;1003;100;GPT-3.5
YouTube_listVideos;139;daikon.inv.binary.sequenceString.MemberString;Array properties;YouTube_listVideos-daikon.inv.binary.sequenceString.MemberString;YouTube_listVideos-Array properties;FP;TP;FP;0.9;740;229;969;100;GPT-3.5
YouTube_listVideos;140;daikon.inv.binary.sequenceString.MemberString;Array properties;YouTube_listVideos-daikon.inv.binary.sequenceString.MemberString;YouTube_listVideos-Array properties;FP;TP;FP;0.9;740;257;997;50;GPT-3.5
YouTube_listVideos;141;daikon.inv.binary.sequenceString.MemberString;Array properties;YouTube_listVideos-daikon.inv.binary.sequenceString.MemberString;YouTube_listVideos-Array properties;FP;TP;FP;0.9;739;263;1002;50;GPT-3.5
YouTube_listVideos;142;daikon.inv.binary.twoScalar.IntGreaterThan;Arithmetic comparisons;YouTube_listVideos-daikon.inv.binary.twoScalar.IntGreaterThan;YouTube_listVideos-Arithmetic comparisons;TP;FP;FN;0.9;1037;417;1454;10000;GPT-3.5
YouTube_listVideos;143;daikon.inv.binary.twoScalar.IntGreaterThan;Arithmetic comparisons;YouTube_listVideos-daikon.inv.binary.twoScalar.IntGreaterThan;YouTube_listVideos-Arithmetic comparisons;FP;TP;FP;0.9;978;270;1248;100;GPT-3.5
YouTube_listVideos;144;daikon.inv.binary.twoScalar.IntGreaterThan;Arithmetic comparisons;YouTube_listVideos-daikon.inv.binary.twoScalar.IntGreaterThan;YouTube_listVideos-Arithmetic comparisons;FP;TP;FP;0.9;951;229;1180;1000;GPT-3.5
YouTube_listVideos;145;daikon.inv.binary.twoScalar.NumericInt$Divides;Arithmetic comparisons;YouTube_listVideos-daikon.inv.binary.twoScalar.NumericInt$Divides;YouTube_listVideos-Arithmetic comparisons;FP;TP;FP;0.9;1006;292;1298;100;GPT-3.5
YouTube_listVideos;146;daikon.inv.binary.twoScalar.IntGreaterThan;Arithmetic comparisons;YouTube_listVideos-daikon.inv.binary.twoScalar.IntGreaterThan;YouTube_listVideos-Arithmetic comparisons;FP;TP;FP;0.9;1013;330;1343;10000;GPT-3.5
YouTube_listVideos;147;daikon.inv.binary.twoScalar.NumericInt$Divides;Arithmetic comparisons;YouTube_listVideos-daikon.inv.binary.twoScalar.NumericInt$Divides;YouTube_listVideos-Arithmetic comparisons;FP;FP;TN;0.9;987;309;1296;50;GPT-3.5
YouTube_listVideos;148;daikon.inv.binary.twoScalar.IntGreaterThan;Arithmetic comparisons;YouTube_listVideos-daikon.inv.binary.twoScalar.IntGreaterThan;YouTube_listVideos-Arithmetic comparisons;TP;FP;FN;0.9;1010;353;1363;10000;GPT-3.5
YouTube_listVideos;149;daikon.inv.binary.twoScalar.IntGreaterThan;Arithmetic comparisons;YouTube_listVideos-daikon.inv.binary.twoScalar.IntGreaterThan;YouTube_listVideos-Arithmetic comparisons;FP;TP;FP;0.9;978;324;1302;100;GPT-3.5
YouTube_listVideos;150;daikon.inv.binary.twoScalar.IntGreaterThan;Arithmetic comparisons;YouTube_listVideos-daikon.inv.binary.twoScalar.IntGreaterThan;YouTube_listVideos-Arithmetic comparisons;FP;TP;FP;0.9;945;294;1239;10000;GPT-3.5
YouTube_listVideos;151;daikon.inv.binary.twoScalar.NumericInt$Divides;Arithmetic comparisons;YouTube_listVideos-daikon.inv.binary.twoScalar.NumericInt$Divides;YouTube_listVideos-Arithmetic comparisons;FP;TP;FP;0.9;1018;170;1188;10000;GPT-3.5
YouTube_listVideos;152;daikon.inv.binary.twoScalar.IntGreaterThan;Arithmetic comparisons;YouTube_listVideos-daikon.inv.binary.twoScalar.IntGreaterThan;YouTube_listVideos-Arithmetic comparisons;FP;TP;FP;0.95;1007;237;1244;10000;GPT-3.5
YouTube_listVideos;153;daikon.inv.binary.twoScalar.NumericInt$Divides;Arithmetic comparisons;YouTube_listVideos-daikon.inv.binary.twoScalar.NumericInt$Divides;YouTube_listVideos-Arithmetic comparisons;FP;TP;FP;0.9;993;338;1331;50;GPT-3.5
YouTube_listVideos;154;daikon.inv.binary.twoScalar.IntGreaterThan;Arithmetic comparisons;YouTube_listVideos-daikon.inv.binary.twoScalar.IntGreaterThan;YouTube_listVideos-Arithmetic comparisons;TP;TP;TP;0.9;1017;346;1363;10000;GPT-3.5
YouTube_listVideos;155;daikon.inv.binary.twoScalar.IntGreaterThan;Arithmetic comparisons;YouTube_listVideos-daikon.inv.binary.twoScalar.IntGreaterThan;YouTube_listVideos-Arithmetic comparisons;FP;TP;FP;0.95;1060;324;1384;10000;GPT-3.5
YouTube_listVideos;156;daikon.inv.binary.twoScalar.IntGreaterThan;Arithmetic comparisons;YouTube_listVideos-daikon.inv.binary.twoScalar.IntGreaterThan;YouTube_listVideos-Arithmetic comparisons;FP;TP;FP;0.95;998;277;1275;10000;GPT-3.5
YouTube_listVideos;157;daikon.inv.binary.twoScalar.NumericInt$Divides;Arithmetic comparisons;YouTube_listVideos-daikon.inv.binary.twoScalar.NumericInt$Divides;YouTube_listVideos-Arithmetic comparisons;FP;TP;FP;0.95;1020;265;1285;10000;GPT-3.5
YouTube_listVideos;158;daikon.inv.binary.twoScalar.IntGreaterThan;Arithmetic comparisons;YouTube_listVideos-daikon.inv.binary.twoScalar.IntGreaterThan;YouTube_listVideos-Arithmetic comparisons;FP;TP;FP;0.9;1009;240;1249;10000;GPT-3.5
YouTube_listVideos;159;daikon.inv.binary.twoScalar.NumericInt$Divides;Arithmetic comparisons;YouTube_listVideos-daikon.inv.binary.twoScalar.NumericInt$Divides;YouTube_listVideos-Arithmetic comparisons;FP;TP;FP;0.9;970;240;1210;50;GPT-3.5
YouTube_listVideos;160;daikon.inv.binary.twoScalar.IntGreaterThan;Arithmetic comparisons;YouTube_listVideos-daikon.inv.binary.twoScalar.IntGreaterThan;YouTube_listVideos-Arithmetic comparisons;TP;FP;FN;0.9;997;358;1355;10000;GPT-3.5
YouTube_listVideos;161;daikon.inv.binary.twoScalar.IntGreaterThan;Arithmetic comparisons;YouTube_listVideos-daikon.inv.binary.twoScalar.IntGreaterThan;YouTube_listVideos-Arithmetic comparisons;FP;FP;TN;0.9;992;297;1289;10000;GPT-3.5
YouTube_listVideos;162;daikon.inv.binary.twoScalar.IntGreaterThan;Arithmetic comparisons;YouTube_listVideos-daikon.inv.binary.twoScalar.IntGreaterThan;YouTube_listVideos-Arithmetic comparisons;FP;TP;FP;0.95;978;326;1304;10000;GPT-3.5
YouTube_listVideos;163;daikon.inv.binary.twoScalar.NumericInt$Divides;Arithmetic comparisons;YouTube_listVideos-daikon.inv.binary.twoScalar.NumericInt$Divides;YouTube_listVideos-Arithmetic comparisons;FP;TP;FP;0.95;1016;312;1328;10000;GPT-3.5
YouTube_listVideos;164;daikon.inv.binary.twoScalar.IntGreaterThan;Arithmetic comparisons;YouTube_listVideos-daikon.inv.binary.twoScalar.IntGreaterThan;YouTube_listVideos-Arithmetic comparisons;FP;TP;FP;0.95;1005;293;1298;10000;GPT-3.5
YouTube_listVideos;165;daikon.inv.binary.twoScalar.NumericInt$Divides;Arithmetic comparisons;YouTube_listVideos-daikon.inv.binary.twoScalar.NumericInt$Divides;YouTube_listVideos-Arithmetic comparisons;FP;TP;FP;0.9;1005;310;1315;50;GPT-3.5
YouTube_listVideos;166;daikon.inv.binary.twoScalar.IntGreaterThan;Arithmetic comparisons;YouTube_listVideos-daikon.inv.binary.twoScalar.IntGreaterThan;YouTube_listVideos-Arithmetic comparisons;TP;FP;FN;0.9;1026;299;1325;10000;GPT-3.5
YouTube_listVideos;167;daikon.inv.binary.twoScalar.IntGreaterThan;Arithmetic comparisons;YouTube_listVideos-daikon.inv.binary.twoScalar.IntGreaterThan;YouTube_listVideos-Arithmetic comparisons;FP;TP;FP;0.9;1018;314;1332;10000;GPT-3.5
YouTube_listVideos;168;daikon.inv.binary.twoScalar.NumericInt$Divides;Arithmetic comparisons;YouTube_listVideos-daikon.inv.binary.twoScalar.NumericInt$Divides;YouTube_listVideos-Arithmetic comparisons;FP;TP;FP;0.95;988;322;1310;10000;GPT-3.5
YouTube_listVideos;169;daikon.inv.binary.twoScalar.IntGreaterThan;Arithmetic comparisons;YouTube_listVideos-daikon.inv.binary.twoScalar.IntGreaterThan;YouTube_listVideos-Arithmetic comparisons;FP;TP;FP;0.95;977;329;1306;10000;GPT-3.5
YouTube_listVideos;170;daikon.inv.binary.twoScalar.IntGreaterThan;Arithmetic comparisons;YouTube_listVideos-daikon.inv.binary.twoScalar.IntGreaterThan;YouTube_listVideos-Arithmetic comparisons;TP;TP;TP;0.9;1048;325;1373;10000;GPT-3.5
YouTube_listVideos;171;daikon.inv.binary.twoScalar.IntGreaterThan;Arithmetic comparisons;YouTube_listVideos-daikon.inv.binary.twoScalar.IntGreaterThan;YouTube_listVideos-Arithmetic comparisons;FP;TP;FP;0.9;1001;348;1349;10000;GPT-3.5
YouTube_listVideos;172;daikon.inv.binary.twoScalar.IntGreaterThan;Arithmetic comparisons;YouTube_listVideos-daikon.inv.binary.twoScalar.IntGreaterThan;YouTube_listVideos-Arithmetic comparisons;FP;TP;FP;0.95;1003;278;1281;10000;GPT-3.5
YouTube_listVideos;173;daikon.inv.binary.twoScalar.NumericInt$Divides;Arithmetic comparisons;YouTube_listVideos-daikon.inv.binary.twoScalar.NumericInt$Divides;YouTube_listVideos-Arithmetic comparisons;FP;TP;FP;0.9;994;369;1363;50;GPT-3.5
YouTube_listVideos;174;daikon.inv.binary.twoScalar.IntGreaterThan;Arithmetic comparisons;YouTube_listVideos-daikon.inv.binary.twoScalar.IntGreaterThan;YouTube_listVideos-Arithmetic comparisons;TP;FP;FN;0.9;1055;362;1417;10000;GPT-3.5
YouTube_listVideos;175;daikon.inv.binary.twoScalar.IntGreaterThan;Arithmetic comparisons;YouTube_listVideos-daikon.inv.binary.twoScalar.IntGreaterThan;YouTube_listVideos-Arithmetic comparisons;FP;FP;TN;0.9;1034;316;1350;10000;GPT-3.5
YouTube_listVideos;176;daikon.inv.binary.twoScalar.IntGreaterThan;Arithmetic comparisons;YouTube_listVideos-daikon.inv.binary.twoScalar.IntGreaterThan;YouTube_listVideos-Arithmetic comparisons;FP;TP;FP;0.9;980;327;1307;10000;GPT-3.5
YouTube_listVideos;177;daikon.inv.binary.twoScalar.NumericInt$Divides;Arithmetic comparisons;YouTube_listVideos-daikon.inv.binary.twoScalar.NumericInt$Divides;YouTube_listVideos-Arithmetic comparisons;FP;TP;FP;0.95;1011;304;1315;10000;GPT-3.5
YouTube_listVideos;178;daikon.inv.binary.twoScalar.IntGreaterThan;Arithmetic comparisons;YouTube_listVideos-daikon.inv.binary.twoScalar.IntGreaterThan;YouTube_listVideos-Arithmetic comparisons;FP;FP;TN;0.9;1000;398;1398;10000;GPT-3.5
YouTube_listVideos;179;daikon.inv.binary.twoScalar.IntGreaterThan;Arithmetic comparisons;YouTube_listVideos-daikon.inv.binary.twoScalar.IntGreaterThan;YouTube_listVideos-Arithmetic comparisons;TP;TP;TP;0.9;1028;373;1401;10000;GPT-3.5
YouTube_listVideos;180;daikon.inv.binary.twoScalar.IntGreaterThan;Arithmetic comparisons;YouTube_listVideos-daikon.inv.binary.twoScalar.IntGreaterThan;YouTube_listVideos-Arithmetic comparisons;FP;TP;FP;0.95;1014;291;1305;10000;GPT-3.5
YouTube_listVideos;181;daikon.inv.binary.twoScalar.IntGreaterThan;Arithmetic comparisons;YouTube_listVideos-daikon.inv.binary.twoScalar.IntGreaterThan;YouTube_listVideos-Arithmetic comparisons;FP;TP;FP;0.9;974;306;1280;10000;GPT-3.5
YouTube_listVideos;182;daikon.inv.binary.twoScalar.IntGreaterThan;Arithmetic comparisons;YouTube_listVideos-daikon.inv.binary.twoScalar.IntGreaterThan;YouTube_listVideos-Arithmetic comparisons;FP;TP;FP;0.95;992;329;1321;10000;GPT-3.5
YouTube_listVideos;183;daikon.inv.binary.twoScalar.NumericInt$Divides;Arithmetic comparisons;YouTube_listVideos-daikon.inv.binary.twoScalar.NumericInt$Divides;YouTube_listVideos-Arithmetic comparisons;FP;TP;FP;0.9;1001;331;1332;50;GPT-3.5
YouTube_listVideos;184;daikon.inv.binary.twoScalar.IntGreaterThan;Arithmetic comparisons;YouTube_listVideos-daikon.inv.binary.twoScalar.IntGreaterThan;YouTube_listVideos-Arithmetic comparisons;TP;FP;FN;0.9;1012;462;1474;10000;GPT-3.5
YouTube_listVideos;185;daikon.inv.binary.twoScalar.IntGreaterThan;Arithmetic comparisons;YouTube_listVideos-daikon.inv.binary.twoScalar.IntGreaterThan;YouTube_listVideos-Arithmetic comparisons;FP;TP;FP;0.9;1020;274;1294;10000;GPT-3.5
YouTube_listVideos;186;daikon.inv.binary.twoScalar.IntGreaterThan;Arithmetic comparisons;YouTube_listVideos-daikon.inv.binary.twoScalar.IntGreaterThan;YouTube_listVideos-Arithmetic comparisons;FP;TP;FP;0.9;950;294;1244;10000;GPT-3.5
YouTube_listVideos;187;daikon.inv.binary.twoScalar.NumericInt$Divides;Arithmetic comparisons;YouTube_listVideos-daikon.inv.binary.twoScalar.NumericInt$Divides;YouTube_listVideos-Arithmetic comparisons;FP;TP;FP;0.9;1000;189;1189;10000;GPT-3.5
YouTube_listVideos;188;daikon.inv.binary.twoScalar.IntGreaterThan;Arithmetic comparisons;YouTube_listVideos-daikon.inv.binary.twoScalar.IntGreaterThan;YouTube_listVideos-Arithmetic comparisons;FP;TP;FP;0.9;989;220;1209;10000;GPT-3.5
YouTube_listVideos;189;daikon.inv.binary.twoScalar.IntGreaterThan;Arithmetic comparisons;YouTube_listVideos-daikon.inv.binary.twoScalar.IntGreaterThan;YouTube_listVideos-Arithmetic comparisons;TP;TP;TP;0.9;1028;408;1436;10000;GPT-3.5
YouTube_listVideos;190;daikon.inv.binary.twoScalar.IntGreaterThan;Arithmetic comparisons;YouTube_listVideos-daikon.inv.binary.twoScalar.IntGreaterThan;YouTube_listVideos-Arithmetic comparisons;FP;TP;FP;0.9;1031;281;1312;10000;GPT-3.5
YouTube_listVideos;191;daikon.inv.binary.twoScalar.IntGreaterThan;Arithmetic comparisons;YouTube_listVideos-daikon.inv.binary.twoScalar.IntGreaterThan;YouTube_listVideos-Arithmetic comparisons;FP;TP;FP;0.9;1039;310;1349;10000;GPT-3.5
YouTube_listVideos;192;daikon.inv.binary.twoScalar.IntGreaterThan;Arithmetic comparisons;YouTube_listVideos-daikon.inv.binary.twoScalar.IntGreaterThan;YouTube_listVideos-Arithmetic comparisons;FP;TP;FP;0.95;1001;327;1328;10000;GPT-3.5
YouTube_listVideos;193;daikon.inv.binary.twoScalar.IntNonEqual;Arithmetic comparisons;YouTube_listVideos-daikon.inv.binary.twoScalar.IntNonEqual;YouTube_listVideos-Arithmetic comparisons;FP;TP;FP;0.9;1058;401;1459;100;GPT-3.5
YouTube_listVideos;194;daikon.inv.binary.twoScalar.IntNonEqual;Arithmetic comparisons;YouTube_listVideos-daikon.inv.binary.twoScalar.IntNonEqual;YouTube_listVideos-Arithmetic comparisons;FP;TP;FP;0.9;1064;337;1401;50;GPT-3.5
YouTube_listVideos;195;daikon.inv.binary.twoScalar.IntNonEqual;Arithmetic comparisons;YouTube_listVideos-daikon.inv.binary.twoScalar.IntNonEqual;YouTube_listVideos-Arithmetic comparisons;FP;TP;FP;0.9;1062;268;1330;100;GPT-3.5
YouTube_listVideos;196;daikon.inv.binary.twoScalar.IntLessThan;Arithmetic comparisons;YouTube_listVideos-daikon.inv.binary.twoScalar.IntLessThan;YouTube_listVideos-Arithmetic comparisons;FP;TP;FP;0.9;933;310;1243;100;GPT-3.5
YouTube_listVideos;197;daikon.inv.binary.twoScalar.IntNonEqual;Arithmetic comparisons;YouTube_listVideos-daikon.inv.binary.twoScalar.IntNonEqual;YouTube_listVideos-Arithmetic comparisons;FP;TP;FP;0.9;826;253;1079;50;GPT-3.5
YouTube_listVideos;198;daikon.inv.binary.twoScalar.IntNonEqual;Arithmetic comparisons;YouTube_listVideos-daikon.inv.binary.twoScalar.IntNonEqual;YouTube_listVideos-Arithmetic comparisons;FP;TP;FP;0.9;828;280;1108;50;GPT-3.5
YouTube_listVideos;199;daikon.inv.binary.twoScalar.IntNonEqual;Arithmetic comparisons;YouTube_listVideos-daikon.inv.binary.twoScalar.IntNonEqual;YouTube_listVideos-Arithmetic comparisons;FP;TP;FP;0.9;830;268;1098;50;GPT-3.5
YouTube_listVideos;200;daikon.inv.binary.twoScalar.IntGreaterEqual;Arithmetic comparisons;YouTube_listVideos-daikon.inv.binary.twoScalar.IntGreaterEqual;YouTube_listVideos-Arithmetic comparisons;FP;TP;FP;0.95;913;329;1242;100;GPT-3.5
YouTube_listVideos;201;daikon.inv.binary.twoScalar.IntGreaterEqual;Arithmetic comparisons;YouTube_listVideos-daikon.inv.binary.twoScalar.IntGreaterEqual;YouTube_listVideos-Arithmetic comparisons;FP;TP;FP;0.95;917;316;1233;100;GPT-3.5
YouTube_listVideos;202;daikon.inv.binary.twoScalar.IntEqual;Arithmetic comparisons;YouTube_listVideos-daikon.inv.binary.twoScalar.IntEqual;YouTube_listVideos-Arithmetic comparisons;TP;TP;TP;0.95;832;286;1118;10000;GPT-3.5
YouTube_listVideos;203;daikon.inv.binary.twoScalar.IntEqual;Arithmetic comparisons;YouTube_listVideos-daikon.inv.binary.twoScalar.IntEqual;YouTube_listVideos-Arithmetic comparisons;FP;TP;FP;0.95;854;322;1176;100;GPT-3.5
YouTube_listVideos;204;daikon.inv.binary.twoScalar.IntEqual;Arithmetic comparisons;YouTube_listVideos-daikon.inv.binary.twoScalar.IntEqual;YouTube_listVideos-Arithmetic comparisons;FP;TP;FP;0.9;886;326;1212;100;GPT-3.5
YouTube_listVideos;205;daikon.inv.binary.twoScalar.IntEqual;Arithmetic comparisons;YouTube_listVideos-daikon.inv.binary.twoScalar.IntEqual;YouTube_listVideos-Arithmetic comparisons;FP;TP;FP;0.9;801;274;1075;100;GPT-3.5
YouTube_listVideos;206;daikon.inv.unary.scalar.NonZero;Arithmetic comparisons;YouTube_listVideos-daikon.inv.unary.scalar.NonZero;YouTube_listVideos-Arithmetic comparisons;TP;TP;TP;0.9;755;219;974;10000;GPT-3.5
YouTube_listVideos;207;daikon.inv.unary.sequence.EltNonZero;Array properties;YouTube_listVideos-daikon.inv.unary.sequence.EltNonZero;YouTube_listVideos-Array properties;TP;TP;TP;0.95;765;242;1007;10000;GPT-3.5
YouTube_listVideos;208;daikon.inv.unary.string.OneOfString;Specific values;YouTube_listVideos-daikon.inv.unary.string.OneOfString;YouTube_listVideos-Specific values;TP;TP;TP;0.95;685;266;951;10000;GPT-3.5
YouTube_listVideos;209;daikon.inv.unary.scalar.NonZero;Arithmetic comparisons;YouTube_listVideos-daikon.inv.unary.scalar.NonZero;YouTube_listVideos-Arithmetic comparisons;TP;TP;TP;0.9;620;177;797;10000;GPT-3.5
YouTube_listVideos;210;daikon.inv.unary.scalar.LowerBound;Specific values;YouTube_listVideos-daikon.inv.unary.scalar.LowerBound;YouTube_listVideos-Specific values;FP;TP;FP;0.95;711;307;1018;100;GPT-3.5
YouTube_listVideos;211;daikon.inv.unary.scalar.LowerBound;Specific values;YouTube_listVideos-daikon.inv.unary.scalar.LowerBound;YouTube_listVideos-Specific values;FP;TP;FP;0.9;711;283;994;100;GPT-3.5
YouTube_listVideos;212;daikon.inv.unary.scalar.OneOfScalar;Specific values;YouTube_listVideos-daikon.inv.unary.scalar.OneOfScalar;YouTube_listVideos-Specific values;TP;TP;TP;0.9;630;218;848;10000;GPT-3.5
YouTube_listVideos;213;daikon.inv.unary.scalar.LowerBound;Specific values;YouTube_listVideos-daikon.inv.unary.scalar.LowerBound;YouTube_listVideos-Specific values;FP;TP;FP;0.9;825;266;1091;100;GPT-3.5
YouTube_listVideos;214;daikon.inv.binary.sequenceString.MemberString;Array properties;YouTube_listVideos-daikon.inv.binary.sequenceString.MemberString;YouTube_listVideos-Array properties;FP;FP;TN;0.8;667;261;928;10000;GPT-3.5
YouTube_listVideos;215;daikon.inv.binary.twoScalar.IntGreaterThan;Arithmetic comparisons;YouTube_listVideos-daikon.inv.binary.twoScalar.IntGreaterThan;YouTube_listVideos-Arithmetic comparisons;TP;TP;TP;0.95;781;277;1058;10000;GPT-3.5
YouTube_listVideos;216;daikon.inv.binary.twoScalar.IntGreaterThan;Arithmetic comparisons;YouTube_listVideos-daikon.inv.binary.twoScalar.IntGreaterThan;YouTube_listVideos-Arithmetic comparisons;FP;TP;FP;1.0;777;194;971;100;GPT-3.5
YouTube_listVideos;217;daikon.inv.binary.twoScalar.IntGreaterThan;Arithmetic comparisons;YouTube_listVideos-daikon.inv.binary.twoScalar.IntGreaterThan;YouTube_listVideos-Arithmetic comparisons;TP;TP;TP;0.95;1132;250;1382;10000;GPT-3.5
YouTube_listVideos;218;daikon.inv.binary.twoScalar.IntNonEqual;Arithmetic comparisons;YouTube_listVideos-daikon.inv.binary.twoScalar.IntNonEqual;YouTube_listVideos-Arithmetic comparisons;FP;TP;FP;0.9;832;314;1146;1000;GPT-3.5
YouTube_listVideos;219;daikon.inv.binary.twoScalar.IntGreaterEqual;Arithmetic comparisons;YouTube_listVideos-daikon.inv.binary.twoScalar.IntGreaterEqual;YouTube_listVideos-Arithmetic comparisons;TP;TP;TP;0.9;1145;247;1392;10000;GPT-3.5
YouTube_listVideos;220;daikon.inv.binary.twoScalar.IntGreaterThan;Arithmetic comparisons;YouTube_listVideos-daikon.inv.binary.twoScalar.IntGreaterThan;YouTube_listVideos-Arithmetic comparisons;TP;TP;TP;0.95;792;239;1031;10000;GPT-3.5
YouTube_listVideos;221;daikon.inv.binary.twoScalar.IntGreaterThan;Arithmetic comparisons;YouTube_listVideos-daikon.inv.binary.twoScalar.IntGreaterThan;YouTube_listVideos-Arithmetic comparisons;FP;TP;FP;0.9;789;221;1010;100;GPT-3.5
YouTube_listVideos;222;daikon.inv.binary.twoScalar.IntGreaterThan;Arithmetic comparisons;YouTube_listVideos-daikon.inv.binary.twoScalar.IntGreaterThan;YouTube_listVideos-Arithmetic comparisons;TP;TP;TP;0.95;1085;289;1374;10000;GPT-3.5
YouTube_listVideos;223;daikon.inv.binary.twoScalar.IntNonEqual;Arithmetic comparisons;YouTube_listVideos-daikon.inv.binary.twoScalar.IntNonEqual;YouTube_listVideos-Arithmetic comparisons;FP;TP;FP;0.9;896;303;1199;50;GPT-3.5
YouTube_listVideos;224;daikon.inv.binary.twoScalar.IntGreaterEqual;Arithmetic comparisons;YouTube_listVideos-daikon.inv.binary.twoScalar.IntGreaterEqual;YouTube_listVideos-Arithmetic comparisons;TP;TP;TP;0.95;1130;280;1410;10000;GPT-3.5
YouTube_listVideos;225;daikon.inv.binary.twoScalar.IntNonEqual;Arithmetic comparisons;YouTube_listVideos-daikon.inv.binary.twoScalar.IntNonEqual;YouTube_listVideos-Arithmetic comparisons;FP;TP;FP;0.9;892;290;1182;50;GPT-3.5
YouTube_listVideos;226;daikon.inv.binary.twoScalar.IntGreaterEqual;Arithmetic comparisons;YouTube_listVideos-daikon.inv.binary.twoScalar.IntGreaterEqual;YouTube_listVideos-Arithmetic comparisons;TP;TP;TP;0.95;1111;271;1382;10000;GPT-3.5
YouTube_listVideos;227;daikon.inv.binary.twoScalar.IntNonEqual;Arithmetic comparisons;YouTube_listVideos-daikon.inv.binary.twoScalar.IntNonEqual;YouTube_listVideos-Arithmetic comparisons;FP;FP;TN;0.9;946;248;1194;50;GPT-3.5
YouTube_listVideos;228;daikon.inv.unary.string.FixedLengthString;Specific formats;YouTube_listVideos-daikon.inv.unary.string.FixedLengthString;YouTube_listVideos-Specific formats;TP;TP;TP;1.0;721;225;946;10000;GPT-3.5
YouTube_listVideos;229;daikon.inv.unary.string.FixedLengthString;Specific formats;YouTube_listVideos-daikon.inv.unary.string.FixedLengthString;YouTube_listVideos-Specific formats;TP;TP;TP;0.9;716;202;918;10000;GPT-3.5
YouTube_listVideos;230;daikon.inv.unary.string.FixedLengthString;Specific formats;YouTube_listVideos-daikon.inv.unary.string.FixedLengthString;YouTube_listVideos-Specific formats;FP;FP;TN;0.9;704;244;948;100;GPT-3.5
YouTube_listVideos;231;daikon.inv.unary.stringsequence.SequenceFixedLengthString;Specific formats;YouTube_listVideos-daikon.inv.unary.stringsequence.SequenceFixedLengthString;YouTube_listVideos-Specific formats;TP;TP;TP;0.95;908;289;1197;10000;GPT-3.5
YouTube_listVideos;232;daikon.inv.unary.stringsequence.SequenceFixedLengthString;Specific formats;YouTube_listVideos-daikon.inv.unary.stringsequence.SequenceFixedLengthString;YouTube_listVideos-Specific formats;TP;TP;TP;0.9;890;297;1187;10000;GPT-3.5
YouTube_listVideos;233;daikon.inv.unary.string.FixedLengthString;Specific formats;YouTube_listVideos-daikon.inv.unary.string.FixedLengthString;YouTube_listVideos-Specific formats;TP;TP;TP;0.95;774;233;1007;10000;GPT-3.5
YouTube_listVideos;234;daikon.inv.unary.string.FixedLengthString;Specific formats;YouTube_listVideos-daikon.inv.unary.string.FixedLengthString;YouTube_listVideos-Specific formats;TP;TP;TP;0.9;726;212;938;10000;GPT-3.5
YouTube_listVideos;235;daikon.inv.unary.string.FixedLengthString;Specific formats;YouTube_listVideos-daikon.inv.unary.string.FixedLengthString;YouTube_listVideos-Specific formats;TP;FP;FN;0.6;670;244;914;10000;GPT-3.5
YouTube_listVideos;236;daikon.inv.unary.string.FixedLengthString;Specific formats;YouTube_listVideos-daikon.inv.unary.string.FixedLengthString;YouTube_listVideos-Specific formats;TP;TP;TP;0.9;810;203;1013;10000;GPT-3.5
YouTube_listVideos;237;daikon.inv.unary.string.dates.IsTimestampYYYYMMHHThhmmssmm;Specific formats;YouTube_listVideos-daikon.inv.unary.string.dates.IsTimestampYYYYMMHHThhmmssmm;YouTube_listVideos-Specific formats;TP;TP;TP;0.9;836;260;1096;10000;GPT-3.5
YouTube_listVideos;238;daikon.inv.unary.string.FixedLengthString;Specific formats;YouTube_listVideos-daikon.inv.unary.string.FixedLengthString;YouTube_listVideos-Specific formats;TP;TP;TP;0.9;809;225;1034;10000;GPT-3.5
YouTube_listVideos;239;daikon.inv.unary.string.dates.IsTimestampYYYYMMHHThhmmssmm;Specific formats;YouTube_listVideos-daikon.inv.unary.string.dates.IsTimestampYYYYMMHHThhmmssmm;YouTube_listVideos-Specific formats;TP;TP;TP;0.95;835;269;1104;10000;GPT-3.5
YouTube_listVideos;240;daikon.inv.unary.string.FixedLengthString;Specific formats;YouTube_listVideos-daikon.inv.unary.string.FixedLengthString;YouTube_listVideos-Specific formats;TP;TP;TP;0.95;806;220;1026;10000;GPT-3.5
YouTube_listVideos;241;daikon.inv.unary.string.dates.IsTimestampYYYYMMHHThhmmssmm;Specific formats;YouTube_listVideos-daikon.inv.unary.string.dates.IsTimestampYYYYMMHHThhmmssmm;YouTube_listVideos-Specific formats;TP;TP;TP;0.95;832;204;1036;10000;GPT-3.5
YouTube_listVideos;242;daikon.inv.unary.string.IsNumeric;Specific formats;YouTube_listVideos-daikon.inv.unary.string.IsNumeric;YouTube_listVideos-Specific formats;TP;TP;TP;0.9;715;244;959;10000;GPT-3.5
YouTube_listVideos;243;daikon.inv.unary.string.IsNumeric;Specific formats;YouTube_listVideos-daikon.inv.unary.string.IsNumeric;YouTube_listVideos-Specific formats;TP;TP;TP;0.95;722;235;957;10000;GPT-3.5
YouTube_listVideos;244;daikon.inv.unary.string.FixedLengthString;Specific formats;YouTube_listVideos-daikon.inv.unary.string.FixedLengthString;YouTube_listVideos-Specific formats;TP;TP;TP;0.9;804;219;1023;10000;GPT-3.5
YouTube_listVideos;245;daikon.inv.unary.string.dates.IsTimestampYYYYMMHHThhmmssmm;Specific formats;YouTube_listVideos-daikon.inv.unary.string.dates.IsTimestampYYYYMMHHThhmmssmm;YouTube_listVideos-Specific formats;TP;TP;TP;0.95;830;256;1086;10000;GPT-3.5
YouTube_listVideos;246;daikon.inv.unary.string.IsNumeric;Specific formats;YouTube_listVideos-daikon.inv.unary.string.IsNumeric;YouTube_listVideos-Specific formats;TP;TP;TP;0.9;734;222;956;10000;GPT-3.5
YouTube_listVideos;247;daikon.inv.unary.string.FixedLengthString;Specific formats;YouTube_listVideos-daikon.inv.unary.string.FixedLengthString;YouTube_listVideos-Specific formats;TP;TP;TP;0.95;826;217;1043;10000;GPT-3.5
YouTube_listVideos;248;daikon.inv.unary.string.FixedLengthString;Specific formats;YouTube_listVideos-daikon.inv.unary.string.FixedLengthString;YouTube_listVideos-Specific formats;FP;TP;FP;0.9;738;265;1003;50;GPT-3.5
YouTube_listVideos;249;daikon.inv.unary.string.FixedLengthString;Specific formats;YouTube_listVideos-daikon.inv.unary.string.FixedLengthString;YouTube_listVideos-Specific formats;TP;TP;TP;0.95;803;245;1048;10000;GPT-3.5
YouTube_listVideos;250;daikon.inv.unary.string.dates.IsTimestampYYYYMMHHThhmmssmm;Specific formats;YouTube_listVideos-daikon.inv.unary.string.dates.IsTimestampYYYYMMHHThhmmssmm;YouTube_listVideos-Specific formats;TP;TP;TP;0.95;829;295;1124;10000;GPT-3.5
YouTube_listVideos;251;daikon.inv.unary.string.IsUrl;Specific formats;YouTube_listVideos-daikon.inv.unary.string.IsUrl;YouTube_listVideos-Specific formats;TP;TP;TP;0.95;881;329;1210;10000;GPT-3.5
YouTube_listVideos;252;daikon.inv.unary.string.IsUrl;Specific formats;YouTube_listVideos-daikon.inv.unary.string.IsUrl;YouTube_listVideos-Specific formats;TP;TP;TP;0.9;892;291;1183;10000;GPT-3.5
YouTube_listVideos;253;daikon.inv.unary.string.IsUrl;Specific formats;YouTube_listVideos-daikon.inv.unary.string.IsUrl;YouTube_listVideos-Specific formats;TP;TP;TP;0.95;895;261;1156;10000;GPT-3.5
YouTube_listVideos;254;daikon.inv.unary.string.IsUrl;Specific formats;YouTube_listVideos-daikon.inv.unary.string.IsUrl;YouTube_listVideos-Specific formats;TP;TP;TP;0.95;888;266;1154;10000;GPT-3.5
YouTube_listVideos;255;daikon.inv.unary.string.IsUrl;Specific formats;YouTube_listVideos-daikon.inv.unary.string.IsUrl;YouTube_listVideos-Specific formats;TP;TP;TP;0.9;886;269;1155;10000;GPT-3.5
YouTube_listVideos;256;daikon.inv.unary.string.IsNumeric;Specific formats;YouTube_listVideos-daikon.inv.unary.string.IsNumeric;YouTube_listVideos-Specific formats;TP;TP;TP;0.95;735;234;969;10000;GPT-3.5
YouTube_listVideos;257;daikon.inv.unary.string.FixedLengthString;Specific formats;YouTube_listVideos-daikon.inv.unary.string.FixedLengthString;YouTube_listVideos-Specific formats;FP;FP;TN;0.9;709;208;917;10000;GPT-3.5
YouTube_listVideos;258;daikon.inv.unary.string.IsNumeric;Specific formats;YouTube_listVideos-daikon.inv.unary.string.IsNumeric;YouTube_listVideos-Specific formats;TP;TP;TP;0.9;703;245;948;10000;GPT-3.5
YouTube_listVideos;259;daikon.inv.unary.string.IsNumeric;Specific formats;YouTube_listVideos-daikon.inv.unary.string.IsNumeric;YouTube_listVideos-Specific formats;TP;TP;TP;0.9;746;233;979;10000;GPT-3.5
YouTube_listVideos;260;daikon.inv.unary.string.IsNumeric;Specific formats;YouTube_listVideos-daikon.inv.unary.string.IsNumeric;YouTube_listVideos-Specific formats;TP;TP;TP;0.95;737;221;958;10000;GPT-3.5
YouTube_listVideos;261;daikon.inv.unary.stringsequence.SequenceStringElementsAreUrl;Specific formats;YouTube_listVideos-daikon.inv.unary.stringsequence.SequenceStringElementsAreUrl;YouTube_listVideos-Specific formats;TP;TP;TP;1.0;906;177;1083;10000;GPT-3.5
YouTube_listVideos;262;daikon.inv.binary.twoString.StdString$SubString;String comparisons;YouTube_listVideos-daikon.inv.binary.twoString.StdString$SubString;YouTube_listVideos-String comparisons;TP;FP;FN;0.9;711;306;1017;10000;GPT-3.5
YouTube_listVideos;263;daikon.inv.binary.twoString.StdString$SubString;String comparisons;YouTube_listVideos-daikon.inv.binary.twoString.StdString$SubString;YouTube_listVideos-String comparisons;TP;TP;TP;0.95;975;217;1192;10000;GPT-3.5
YouTube_listVideos;264;daikon.inv.binary.twoString.StdString$SubString;String comparisons;YouTube_listVideos-daikon.inv.binary.twoString.StdString$SubString;YouTube_listVideos-String comparisons;TP;TP;TP;0.95;981;270;1251;10000;GPT-3.5
YouTube_listVideos;265;daikon.inv.binary.twoString.StdString$SubString;String comparisons;YouTube_listVideos-daikon.inv.binary.twoString.StdString$SubString;YouTube_listVideos-String comparisons;TP;TP;TP;0.9;995;212;1207;10000;GPT-3.5
YouTube_listVideos;266;daikon.inv.binary.twoString.StdString$SubString;String comparisons;YouTube_listVideos-daikon.inv.binary.twoString.StdString$SubString;YouTube_listVideos-String comparisons;TP;TP;TP;0.9;984;289;1273;10000;GPT-3.5
YouTube_listVideos;267;daikon.inv.binary.twoString.StdString$SubString;String comparisons;YouTube_listVideos-daikon.inv.binary.twoString.StdString$SubString;YouTube_listVideos-String comparisons;TP;TP;TP;0.95;982;227;1209;10000;GPT-3.5
YouTube_listVideos;268;daikon.inv.binary.twoString.StdString$SubString;String comparisons;YouTube_listVideos-daikon.inv.binary.twoString.StdString$SubString;YouTube_listVideos-String comparisons;TP;TP;TP;0.95;700;270;970;10000;GPT-3.5
YouTube_listVideos;269;daikon.inv.binary.twoString.StdString$SubString;String comparisons;YouTube_listVideos-daikon.inv.binary.twoString.StdString$SubString;YouTube_listVideos-String comparisons;TP;TP;TP;0.95;707;224;931;10000;GPT-3.5
YouTube_listVideos;270;daikon.inv.binary.twoString.StdString$SubString;String comparisons;YouTube_listVideos-daikon.inv.binary.twoString.StdString$SubString;YouTube_listVideos-String comparisons;FP;FP;TN;0.9;757;314;1071;100;GPT-3.5
YouTube_listVideos;271;daikon.inv.unary.string.FixedLengthString;Specific formats;YouTube_listVideos-daikon.inv.unary.string.FixedLengthString;YouTube_listVideos-Specific formats;TP;TP;TP;0.95;756;220;976;10000;GPT-3.5
YouTube_listVideos;272;daikon.inv.unary.string.FixedLengthString;Specific formats;YouTube_listVideos-daikon.inv.unary.string.FixedLengthString;YouTube_listVideos-Specific formats;TP;TP;TP;0.9;656;257;913;10000;GPT-3.5
YouTube_listVideos;273;daikon.inv.unary.string.FixedLengthString;Specific formats;YouTube_listVideos-daikon.inv.unary.string.FixedLengthString;YouTube_listVideos-Specific formats;TP;TP;TP;0.95;703;268;971;10000;GPT-3.5
YouTube_listVideos;274;daikon.inv.unary.string.OneOfString;Specific values;YouTube_listVideos-daikon.inv.unary.string.OneOfString;YouTube_listVideos-Specific values;FP;TP;FP;0.9;902;241;1143;100;GPT-3.5
YouTube_listVideos;275;daikon.inv.unary.string.OneOfString;Specific values;YouTube_listVideos-daikon.inv.unary.string.OneOfString;YouTube_listVideos-Specific values;FP;TP;FP;0.9;766;211;977;100;GPT-3.5
YouTube_listVideos;276;daikon.inv.unary.string.OneOfString;Specific values;YouTube_listVideos-daikon.inv.unary.string.OneOfString;YouTube_listVideos-Specific values;TP;TP;TP;0.9;798;191;989;10000;GPT-3.5
YouTube_listVideos;277;daikon.inv.unary.scalar.OneOfScalar;Specific values;YouTube_listVideos-daikon.inv.unary.scalar.OneOfScalar;YouTube_listVideos-Specific values;FP;TP;FP;0.9;832;330;1162;100;GPT-3.5
YouTube_listVideos;278;daikon.inv.binary.twoScalar.IntNonEqual;Arithmetic comparisons;YouTube_listVideos-daikon.inv.binary.twoScalar.IntNonEqual;YouTube_listVideos-Arithmetic comparisons;FP;TP;FP;0.9;975;330;1305;1000;GPT-3.5
YouTube_listVideos;279;daikon.inv.binary.twoScalar.IntGreaterEqual;Arithmetic comparisons;YouTube_listVideos-daikon.inv.binary.twoScalar.IntGreaterEqual;YouTube_listVideos-Arithmetic comparisons;FP;TP;FP;0.9;977;274;1251;1000;GPT-3.5
YouTube_listVideos;280;daikon.inv.binary.sequenceString.MemberString;Array properties;YouTube_listVideos-daikon.inv.binary.sequenceString.MemberString;YouTube_listVideos-Array properties;FP;TP;FP;0.95;879;260;1139;10000;GPT-3.5
YouTube_listVideos;281;daikon.inv.binary.sequenceString.MemberString;Array properties;YouTube_listVideos-daikon.inv.binary.sequenceString.MemberString;YouTube_listVideos-Array properties;FP;TP;FP;0.95;879;294;1173;1000;GPT-3.5
YouTube_listVideos;282;daikon.inv.binary.sequenceString.MemberString;Array properties;YouTube_listVideos-daikon.inv.binary.sequenceString.MemberString;YouTube_listVideos-Array properties;FP;FP;TN;1.0;814;356;1170;1000;GPT-3.5
YouTube_listVideos;283;daikon.inv.binary.sequenceString.MemberString;Array properties;YouTube_listVideos-daikon.inv.binary.sequenceString.MemberString;YouTube_listVideos-Array properties;FP;TP;FP;0.9;810;267;1077;500;GPT-3.5
YouTube_listVideos;284;daikon.inv.binary.twoScalar.IntGreaterThan;Arithmetic comparisons;YouTube_listVideos-daikon.inv.binary.twoScalar.IntGreaterThan;YouTube_listVideos-Arithmetic comparisons;FP;FP;TN;0.9;946;437;1383;10000;GPT-3.5
YouTube_listVideos;285;daikon.inv.binary.twoScalar.NumericInt$Divides;Arithmetic comparisons;YouTube_listVideos-daikon.inv.binary.twoScalar.NumericInt$Divides;YouTube_listVideos-Arithmetic comparisons;FP;TP;FP;0.9;989;274;1263;100;GPT-3.5
YouTube_listVideos;286;daikon.inv.binary.twoScalar.IntGreaterThan;Arithmetic comparisons;YouTube_listVideos-daikon.inv.binary.twoScalar.IntGreaterThan;YouTube_listVideos-Arithmetic comparisons;FP;FP;TN;0.9;932;302;1234;10000;GPT-3.5
YouTube_listVideos;287;daikon.inv.binary.twoScalar.NumericInt$Divides;Arithmetic comparisons;YouTube_listVideos-daikon.inv.binary.twoScalar.NumericInt$Divides;YouTube_listVideos-Arithmetic comparisons;FP;TP;FP;0.9;989;318;1307;100;GPT-3.5
YouTube_listVideos;288;daikon.inv.binary.twoScalar.IntGreaterThan;Arithmetic comparisons;YouTube_listVideos-daikon.inv.binary.twoScalar.IntGreaterThan;YouTube_listVideos-Arithmetic comparisons;FP;TP;FP;0.95;988;298;1286;10000;GPT-3.5
YouTube_listVideos;289;daikon.inv.binary.twoScalar.NumericInt$Divides;Arithmetic comparisons;YouTube_listVideos-daikon.inv.binary.twoScalar.NumericInt$Divides;YouTube_listVideos-Arithmetic comparisons;FP;TP;FP;0.9;989;305;1294;100;GPT-3.5
YouTube_listVideos;290;daikon.inv.binary.twoScalar.IntGreaterThan;Arithmetic comparisons;YouTube_listVideos-daikon.inv.binary.twoScalar.IntGreaterThan;YouTube_listVideos-Arithmetic comparisons;FP;TP;FP;0.9;936;274;1210;10000;GPT-3.5
YouTube_listVideos;291;daikon.inv.binary.twoScalar.NumericInt$Divides;Arithmetic comparisons;YouTube_listVideos-daikon.inv.binary.twoScalar.NumericInt$Divides;YouTube_listVideos-Arithmetic comparisons;FP;TP;FP;0.9;989;313;1302;100;GPT-3.5
YouTube_listVideos;292;daikon.inv.binary.twoScalar.IntGreaterThan;Arithmetic comparisons;YouTube_listVideos-daikon.inv.binary.twoScalar.IntGreaterThan;YouTube_listVideos-Arithmetic comparisons;FP;FP;TN;0.9;1024;339;1363;10000;GPT-3.5
YouTube_listVideos;293;daikon.inv.binary.twoScalar.NumericInt$Divides;Arithmetic comparisons;YouTube_listVideos-daikon.inv.binary.twoScalar.NumericInt$Divides;YouTube_listVideos-Arithmetic comparisons;FP;FP;TN;0.9;971;332;1303;100;GPT-3.5
YouTube_listVideos;294;daikon.inv.binary.twoScalar.IntGreaterThan;Arithmetic comparisons;YouTube_listVideos-daikon.inv.binary.twoScalar.IntGreaterThan;YouTube_listVideos-Arithmetic comparisons;FP;TP;FP;0.95;943;297;1240;10000;GPT-3.5
YouTube_listVideos;295;daikon.inv.binary.twoScalar.IntGreaterThan;Arithmetic comparisons;YouTube_listVideos-daikon.inv.binary.twoScalar.IntGreaterThan;YouTube_listVideos-Arithmetic comparisons;FP;TP;FP;0.9;949;333;1282;10000;GPT-3.5
YouTube_listVideos;296;daikon.inv.binary.twoScalar.NumericInt$Divides;Arithmetic comparisons;YouTube_listVideos-daikon.inv.binary.twoScalar.NumericInt$Divides;YouTube_listVideos-Arithmetic comparisons;FP;TP;FP;0.9;989;323;1312;100;GPT-3.5
YouTube_listVideos;297;daikon.inv.binary.twoScalar.IntGreaterThan;Arithmetic comparisons;YouTube_listVideos-daikon.inv.binary.twoScalar.IntGreaterThan;YouTube_listVideos-Arithmetic comparisons;FP;TP;FP;0.95;967;315;1282;10000;GPT-3.5
YouTube_listVideos;298;daikon.inv.binary.twoScalar.IntGreaterThan;Arithmetic comparisons;YouTube_listVideos-daikon.inv.binary.twoScalar.IntGreaterThan;YouTube_listVideos-Arithmetic comparisons;FP;TP;FP;0.9;933;351;1284;10000;GPT-3.5
YouTube_listVideos;299;daikon.inv.binary.twoScalar.NumericInt$Divides;Arithmetic comparisons;YouTube_listVideos-daikon.inv.binary.twoScalar.NumericInt$Divides;YouTube_listVideos-Arithmetic comparisons;FP;TP;FP;0.9;989;315;1304;100;GPT-3.5
YouTube_listVideos;300;daikon.inv.binary.twoScalar.IntGreaterThan;Arithmetic comparisons;YouTube_listVideos-daikon.inv.binary.twoScalar.IntGreaterThan;YouTube_listVideos-Arithmetic comparisons;FP;FP;TN;0.9;957;395;1352;10000;GPT-3.5
YouTube_listVideos;301;daikon.inv.binary.twoScalar.IntLessThan;Arithmetic comparisons;YouTube_listVideos-daikon.inv.binary.twoScalar.IntLessThan;YouTube_listVideos-Arithmetic comparisons;FP;FP;TN;0.9;727;320;1047;100;GPT-3.5
YouTube_listVideos;302;daikon.inv.binary.twoScalar.IntGreaterEqual;Arithmetic comparisons;YouTube_listVideos-daikon.inv.binary.twoScalar.IntGreaterEqual;YouTube_listVideos-Arithmetic comparisons;FP;TP;FP;0.9;1047;375;1422;100;GPT-3.5
YouTube_listVideos;303;daikon.inv.binary.twoScalar.IntEqual;Arithmetic comparisons;YouTube_listVideos-daikon.inv.binary.twoScalar.IntEqual;YouTube_listVideos-Arithmetic comparisons;FP;FP;TN;0.6;749;268;1017;10000;GPT-3.5
YouTube_listVideos;304;daikon.inv.binary.twoString.StringEqual;String comparisons;YouTube_listVideos-daikon.inv.binary.twoString.StringEqual;YouTube_listVideos-String comparisons;FP;TP;FP;0.9;740;222;962;10000;GPT-3.5
YouTube_listVideos;305;daikon.inv.binary.twoString.StringEqual;String comparisons;YouTube_listVideos-daikon.inv.binary.twoString.StringEqual;YouTube_listVideos-String comparisons;FP;TP;FP;0.9;747;223;970;10000;GPT-3.5
YouTube_listVideos;306;daikon.inv.binary.twoString.StringEqual;String comparisons;YouTube_listVideos-daikon.inv.binary.twoString.StringEqual;YouTube_listVideos-String comparisons;FP;TP;FP;0.8;751;272;1023;10000;GPT-3.5
YouTube_listVideos;307;daikon.inv.unary.scalar.OneOfScalar;Specific values;YouTube_listVideos-daikon.inv.unary.scalar.OneOfScalar;YouTube_listVideos-Specific values;FP;TP;FP;0.9;738;250;988;10000;GPT-3.5
YouTube_listVideos;308;daikon.inv.unary.string.OneOfString;Specific values;YouTube_listVideos-daikon.inv.unary.string.OneOfString;YouTube_listVideos-Specific values;TP;TP;TP;0.9;749;218;967;10000;GPT-3.5
YouTube_listVideos;309;daikon.inv.unary.string.OneOfString;Specific values;YouTube_listVideos-daikon.inv.unary.string.OneOfString;YouTube_listVideos-Specific values;FP;TP;FP;0.9;772;264;1036;1000;GPT-3.5
YouTube_listVideos;310;daikon.inv.unary.string.OneOfString;Specific values;YouTube_listVideos-daikon.inv.unary.string.OneOfString;YouTube_listVideos-Specific values;FP;TP;FP;0.9;739;235;974;10000;GPT-3.5
YouTube_listVideos;311;daikon.inv.unary.scalar.LowerBound;Specific values;YouTube_listVideos-daikon.inv.unary.scalar.LowerBound;YouTube_listVideos-Specific values;TP;TP;TP;0.9;893;284;1177;10000;GPT-3.5
YouTube_listVideos;312;daikon.inv.unary.scalar.LowerBound;Specific values;YouTube_listVideos-daikon.inv.unary.scalar.LowerBound;YouTube_listVideos-Specific values;TP;TP;TP;0.9;875;307;1182;10000;GPT-3.5
YouTube_listVideos;313;daikon.inv.binary.twoScalar.IntNonEqual;Arithmetic comparisons;YouTube_listVideos-daikon.inv.binary.twoScalar.IntNonEqual;YouTube_listVideos-Arithmetic comparisons;FP;TP;FP;0.95;864;299;1163;10000;GPT-3.5
YouTube_listVideos;314;daikon.inv.binary.twoScalar.IntNonEqual;Arithmetic comparisons;YouTube_listVideos-daikon.inv.binary.twoScalar.IntNonEqual;YouTube_listVideos-Arithmetic comparisons;FP;TP;FP;0.95;862;215;1077;10000;GPT-3.5
YouTube_listVideos;315;daikon.inv.binary.twoScalar.IntNonEqual;Arithmetic comparisons;YouTube_listVideos-daikon.inv.binary.twoScalar.IntNonEqual;YouTube_listVideos-Arithmetic comparisons;FP;TP;FP;0.95;869;293;1162;10000;GPT-3.5
YouTube_listVideos;316;daikon.inv.binary.twoScalar.IntNonEqual;Arithmetic comparisons;YouTube_listVideos-daikon.inv.binary.twoScalar.IntNonEqual;YouTube_listVideos-Arithmetic comparisons;FP;TP;FP;0.95;863;242;1105;10000;GPT-3.5
YouTube_listVideos;317;daikon.inv.binary.twoScalar.IntNonEqual;Arithmetic comparisons;YouTube_listVideos-daikon.inv.binary.twoScalar.IntNonEqual;YouTube_listVideos-Arithmetic comparisons;FP;TP;FP;0.95;864;231;1095;10000;GPT-3.5
YouTube_listVideos;318;daikon.inv.binary.twoScalar.IntNonEqual;Arithmetic comparisons;YouTube_listVideos-daikon.inv.binary.twoScalar.IntNonEqual;YouTube_listVideos-Arithmetic comparisons;FP;TP;FP;0.95;864;258;1122;10000;GPT-3.5
YouTube_listVideos;319;daikon.inv.binary.twoScalar.IntGreaterThan;Arithmetic comparisons;YouTube_listVideos-daikon.inv.binary.twoScalar.IntGreaterThan;YouTube_listVideos-Arithmetic comparisons;FP;TP;FP;0.95;957;279;1236;10000;GPT-3.5
YouTube_listVideos;320;daikon.inv.binary.twoScalar.IntNonEqual;Arithmetic comparisons;YouTube_listVideos-daikon.inv.binary.twoScalar.IntNonEqual;YouTube_listVideos-Arithmetic comparisons;FP;TP;FP;0.9;1005;313;1318;1000;GPT-3.5
YouTube_listVideos;321;daikon.inv.binary.twoScalar.IntNonEqual;Arithmetic comparisons;YouTube_listVideos-daikon.inv.binary.twoScalar.IntNonEqual;YouTube_listVideos-Arithmetic comparisons;FP;TP;FP;0.95;1007;343;1350;1000;GPT-3.5
YouTube_listVideos;322;daikon.inv.binary.twoScalar.IntNonEqual;Arithmetic comparisons;YouTube_listVideos-daikon.inv.binary.twoScalar.IntNonEqual;YouTube_listVideos-Arithmetic comparisons;FP;TP;FP;0.95;984;251;1235;1000;GPT-3.5
YouTube_listVideos;323;daikon.inv.binary.twoScalar.IntNonEqual;Arithmetic comparisons;YouTube_listVideos-daikon.inv.binary.twoScalar.IntNonEqual;YouTube_listVideos-Arithmetic comparisons;FP;TP;FP;0.9;983;418;1401;10000;GPT-3.5
YouTube_listVideos;324;daikon.inv.binary.twoScalar.IntNonEqual;Arithmetic comparisons;YouTube_listVideos-daikon.inv.binary.twoScalar.IntNonEqual;YouTube_listVideos-Arithmetic comparisons;FP;TP;FP;0.95;875;264;1139;10000;GPT-3.5
YouTube_listVideos;325;daikon.inv.binary.twoScalar.IntNonEqual;Arithmetic comparisons;YouTube_listVideos-daikon.inv.binary.twoScalar.IntNonEqual;YouTube_listVideos-Arithmetic comparisons;FP;TP;FP;0.95;875;226;1101;10000;GPT-3.5
YouTube_listVideos;326;daikon.inv.binary.twoScalar.IntNonEqual;Arithmetic comparisons;YouTube_listVideos-daikon.inv.binary.twoScalar.IntNonEqual;YouTube_listVideos-Arithmetic comparisons;FP;FP;TN;0.9;875;343;1218;10000;GPT-3.5
YouTube_listVideos;327;daikon.inv.binary.twoScalar.IntNonEqual;Arithmetic comparisons;YouTube_listVideos-daikon.inv.binary.twoScalar.IntNonEqual;YouTube_listVideos-Arithmetic comparisons;FP;TP;FP;0.95;875;198;1073;10000;GPT-3.5
YouTube_listVideos;328;daikon.inv.binary.twoScalar.IntNonEqual;Arithmetic comparisons;YouTube_listVideos-daikon.inv.binary.twoScalar.IntNonEqual;YouTube_listVideos-Arithmetic comparisons;FP;TP;FP;0.95;874;283;1157;10000;GPT-3.5
YouTube_listVideos;329;daikon.inv.binary.twoScalar.IntNonEqual;Arithmetic comparisons;YouTube_listVideos-daikon.inv.binary.twoScalar.IntNonEqual;YouTube_listVideos-Arithmetic comparisons;FP;TP;FP;0.95;874;271;1145;10000;GPT-3.5
YouTube_listVideos;330;daikon.inv.binary.twoScalar.IntNonEqual;Arithmetic comparisons;YouTube_listVideos-daikon.inv.binary.twoScalar.IntNonEqual;YouTube_listVideos-Arithmetic comparisons;FP;TP;FP;0.95;875;205;1080;10000;GPT-3.5
YouTube_listVideos;331;daikon.inv.binary.twoScalar.IntNonEqual;Arithmetic comparisons;YouTube_listVideos-daikon.inv.binary.twoScalar.IntNonEqual;YouTube_listVideos-Arithmetic comparisons;FP;TP;FP;0.9;875;286;1161;10000;GPT-3.5
YouTube_listVideos;332;daikon.inv.binary.twoScalar.IntGreaterThan;Arithmetic comparisons;YouTube_listVideos-daikon.inv.binary.twoScalar.IntGreaterThan;YouTube_listVideos-Arithmetic comparisons;FP;FP;TN;0.9;917;273;1190;10000;GPT-3.5
YouTube_listVideos;333;daikon.inv.binary.twoScalar.IntGreaterThan;Arithmetic comparisons;YouTube_listVideos-daikon.inv.binary.twoScalar.IntGreaterThan;YouTube_listVideos-Arithmetic comparisons;FP;TP;FP;0.9;933;279;1212;10000;GPT-3.5
YouTube_listVideos;334;daikon.inv.binary.sequenceString.MemberString;Array properties;YouTube_listVideos-daikon.inv.binary.sequenceString.MemberString;YouTube_listVideos-Array properties;FP;FP;TN;0.9;878;314;1192;10000;GPT-3.5
YouTube_listVideos;335;daikon.inv.binary.sequenceString.MemberString;Array properties;YouTube_listVideos-daikon.inv.binary.sequenceString.MemberString;YouTube_listVideos-Array properties;FP;FP;TN;0.9;832;299;1131;10000;GPT-3.5
YouTube_listVideos;336;daikon.inv.binary.sequenceString.MemberString;Array properties;YouTube_listVideos-daikon.inv.binary.sequenceString.MemberString;YouTube_listVideos-Array properties;FP;FP;TN;0.9;825;267;1092;10000;GPT-3.5
YouTube_listVideos;337;daikon.inv.binary.sequenceString.MemberString;Array properties;YouTube_listVideos-daikon.inv.binary.sequenceString.MemberString;YouTube_listVideos-Array properties;FP;FP;TN;0.95;878;359;1237;1000;GPT-3.5
YouTube_listVideos;338;daikon.inv.binary.sequenceString.MemberString;Array properties;YouTube_listVideos-daikon.inv.binary.sequenceString.MemberString;YouTube_listVideos-Array properties;FP;FP;TN;0.9;832;258;1090;10000;GPT-3.5
YouTube_listVideos;339;daikon.inv.binary.sequenceString.MemberString;Array properties;YouTube_listVideos-daikon.inv.binary.sequenceString.MemberString;YouTube_listVideos-Array properties;FP;FP;TN;0.9;825;306;1131;10000;GPT-3.5
YouTube_listVideos;340;daikon.inv.binary.sequenceString.MemberString;Array properties;YouTube_listVideos-daikon.inv.binary.sequenceString.MemberString;YouTube_listVideos-Array properties;FP;FP;TN;0.9;767;286;1053;10000;GPT-3.5
YouTube_listVideos;341;daikon.inv.binary.sequenceString.MemberString;Array properties;YouTube_listVideos-daikon.inv.binary.sequenceString.MemberString;YouTube_listVideos-Array properties;FP;FP;TN;1.0;764;192;956;1000;GPT-3.5
YouTube_listVideos;342;daikon.inv.binary.sequenceString.MemberString;Array properties;YouTube_listVideos-daikon.inv.binary.sequenceString.MemberString;YouTube_listVideos-Array properties;FP;FP;TN;0.9;760;319;1079;10000;GPT-3.5
YouTube_listVideos;343;daikon.inv.binary.twoScalar.IntNonEqual;Arithmetic comparisons;YouTube_listVideos-daikon.inv.binary.twoScalar.IntNonEqual;YouTube_listVideos-Arithmetic comparisons;FP;TP;FP;0.9;1020;300;1320;10000;GPT-3.5
YouTube_listVideos;344;daikon.inv.binary.twoScalar.IntNonEqual;Arithmetic comparisons;YouTube_listVideos-daikon.inv.binary.twoScalar.IntNonEqual;YouTube_listVideos-Arithmetic comparisons;FP;TP;FP;0.9;1022;333;1355;10000;GPT-3.5
YouTube_listVideos;345;daikon.inv.binary.twoScalar.IntNonEqual;Arithmetic comparisons;YouTube_listVideos-daikon.inv.binary.twoScalar.IntNonEqual;YouTube_listVideos-Arithmetic comparisons;FP;TP;FP;0.95;1035;271;1306;10000;GPT-3.5
YouTube_listVideos;346;daikon.inv.binary.twoScalar.IntNonEqual;Arithmetic comparisons;YouTube_listVideos-daikon.inv.binary.twoScalar.IntNonEqual;YouTube_listVideos-Arithmetic comparisons;FP;TP;FP;0.9;1037;337;1374;10000;GPT-3.5
YouTube_listVideos;347;daikon.inv.binary.twoScalar.IntGreaterThan;Arithmetic comparisons;YouTube_listVideos-daikon.inv.binary.twoScalar.IntGreaterThan;YouTube_listVideos-Arithmetic comparisons;FP;TP;FP;0.95;1001;333;1334;10000;GPT-3.5
YouTube_listVideos;348;daikon.inv.binary.twoScalar.IntNonEqual;Arithmetic comparisons;YouTube_listVideos-daikon.inv.binary.twoScalar.IntNonEqual;YouTube_listVideos-Arithmetic comparisons;FP;TP;FP;0.95;1028;266;1294;10000;GPT-3.5
YouTube_listVideos;349;daikon.inv.binary.twoScalar.IntNonEqual;Arithmetic comparisons;YouTube_listVideos-daikon.inv.binary.twoScalar.IntNonEqual;YouTube_listVideos-Arithmetic comparisons;FP;TP;FP;0.9;1030;323;1353;10000;GPT-3.5
YouTube_listVideos;350;daikon.inv.binary.twoScalar.IntGreaterThan;Arithmetic comparisons;YouTube_listVideos-daikon.inv.binary.twoScalar.IntGreaterThan;YouTube_listVideos-Arithmetic comparisons;FP;TP;FP;0.9;989;302;1291;10000;GPT-3.5
YouTube_listVideos;351;daikon.inv.binary.twoScalar.IntGreaterThan;Arithmetic comparisons;YouTube_listVideos-daikon.inv.binary.twoScalar.IntGreaterThan;YouTube_listVideos-Arithmetic comparisons;FP;TP;FP;0.9;995;325;1320;10000;GPT-3.5
YouTube_listVideos;352;daikon.inv.binary.twoScalar.IntGreaterThan;Arithmetic comparisons;YouTube_listVideos-daikon.inv.binary.twoScalar.IntGreaterThan;YouTube_listVideos-Arithmetic comparisons;FP;TP;FP;0.9;1031;301;1332;10000;GPT-3.5
YouTube_listVideos;353;daikon.inv.binary.twoScalar.IntGreaterThan;Arithmetic comparisons;YouTube_listVideos-daikon.inv.binary.twoScalar.IntGreaterThan;YouTube_listVideos-Arithmetic comparisons;FP;TP;FP;0.9;1032;258;1290;10000;GPT-3.5
YouTube_listVideos;354;daikon.inv.binary.twoScalar.IntGreaterThan;Arithmetic comparisons;YouTube_listVideos-daikon.inv.binary.twoScalar.IntGreaterThan;YouTube_listVideos-Arithmetic comparisons;FP;TP;FP;0.9;997;330;1327;10000;GPT-3.5
YouTube_listVideos;355;daikon.inv.binary.twoScalar.IntGreaterThan;Arithmetic comparisons;YouTube_listVideos-daikon.inv.binary.twoScalar.IntGreaterThan;YouTube_listVideos-Arithmetic comparisons;FP;TP;FP;0.9;1029;283;1312;10000;GPT-3.5
YouTube_listVideos;356;daikon.inv.binary.sequenceString.MemberString;Array properties;YouTube_listVideos-daikon.inv.binary.sequenceString.MemberString;YouTube_listVideos-Array properties;FP;FP;TN;0.95;757;258;1015;10000;GPT-3.5
YouTube_listVideos;357;daikon.inv.binary.twoScalar.IntNonEqual;Arithmetic comparisons;YouTube_listVideos-daikon.inv.binary.twoScalar.IntNonEqual;YouTube_listVideos-Arithmetic comparisons;FP;FP;TN;0.9;960;278;1238;500;GPT-3.5
YouTube_listVideos;358;daikon.inv.binary.twoScalar.IntNonEqual;Arithmetic comparisons;YouTube_listVideos-daikon.inv.binary.twoScalar.IntNonEqual;YouTube_listVideos-Arithmetic comparisons;FP;FP;TN;0.7;907;316;1223;1000;GPT-3.5
YouTube_listVideos;359;daikon.inv.binary.twoScalar.IntGreaterEqual;Arithmetic comparisons;YouTube_listVideos-daikon.inv.binary.twoScalar.IntGreaterEqual;YouTube_listVideos-Arithmetic comparisons;FP;TP;FP;0.9;878;241;1119;1000;GPT-3.5
YouTube_listVideos;360;daikon.inv.binary.twoScalar.IntNonEqual;Arithmetic comparisons;YouTube_listVideos-daikon.inv.binary.twoScalar.IntNonEqual;YouTube_listVideos-Arithmetic comparisons;FP;TP;FP;0.9;1008;251;1259;10000;GPT-3.5
YouTube_listVideos;361;daikon.inv.binary.twoScalar.IntNonEqual;Arithmetic comparisons;YouTube_listVideos-daikon.inv.binary.twoScalar.IntNonEqual;YouTube_listVideos-Arithmetic comparisons;FP;TP;FP;0.9;1039;258;1297;10000;GPT-3.5
YouTube_listVideos;362;daikon.inv.binary.twoScalar.IntNonEqual;Arithmetic comparisons;YouTube_listVideos-daikon.inv.binary.twoScalar.IntNonEqual;YouTube_listVideos-Arithmetic comparisons;FP;TP;FP;0.9;1047;265;1312;500;GPT-3.5
YouTube_listVideos;363;daikon.inv.binary.twoScalar.IntNonEqual;Arithmetic comparisons;YouTube_listVideos-daikon.inv.binary.twoScalar.IntNonEqual;YouTube_listVideos-Arithmetic comparisons;FP;FP;TN;0.8;1043;309;1352;10000;GPT-3.5
YouTube_listVideos;364;daikon.inv.binary.twoScalar.IntGreaterEqual;Arithmetic comparisons;YouTube_listVideos-daikon.inv.binary.twoScalar.IntGreaterEqual;YouTube_listVideos-Arithmetic comparisons;FP;TP;FP;0.9;962;299;1261;500;GPT-3.5
YouTube_listVideos;365;daikon.inv.binary.twoScalar.IntNonEqual;Arithmetic comparisons;YouTube_listVideos-daikon.inv.binary.twoScalar.IntNonEqual;YouTube_listVideos-Arithmetic comparisons;FP;TP;FP;0.95;780;311;1091;1000;GPT-3.5
YouTube_listVideos;366;daikon.inv.binary.twoScalar.IntNonEqual;Arithmetic comparisons;YouTube_listVideos-daikon.inv.binary.twoScalar.IntNonEqual;YouTube_listVideos-Arithmetic comparisons;FP;TP;FP;0.95;793;298;1091;10000;GPT-3.5
YouTube_listVideos;367;daikon.inv.binary.twoScalar.IntLessEqual;Arithmetic comparisons;YouTube_listVideos-daikon.inv.binary.twoScalar.IntLessEqual;YouTube_listVideos-Arithmetic comparisons;TP;TP;TP;0.95;872;334;1206;10000;GPT-3.5
YouTube_listVideos;368;daikon.inv.binary.twoScalar.IntGreaterEqual;Arithmetic comparisons;YouTube_listVideos-daikon.inv.binary.twoScalar.IntGreaterEqual;YouTube_listVideos-Arithmetic comparisons;FP;TP;FP;0.9;894;267;1161;1000;GPT-3.5
YouTube_listVideos;369;daikon.inv.binary.twoScalar.IntLessEqual;Arithmetic comparisons;YouTube_listVideos-daikon.inv.binary.twoScalar.IntLessEqual;YouTube_listVideos-Arithmetic comparisons;TP;TP;TP;0.9;927;241;1168;10000;GPT-3.5
YouTube_listVideos;370;daikon.inv.binary.twoScalar.IntGreaterEqual;Arithmetic comparisons;YouTube_listVideos-daikon.inv.binary.twoScalar.IntGreaterEqual;YouTube_listVideos-Arithmetic comparisons;FP;TP;FP;0.95;910;341;1251;1000;GPT-3.5
YouTube_listVideos;371;daikon.inv.binary.twoScalar.IntGreaterEqual;Arithmetic comparisons;YouTube_listVideos-daikon.inv.binary.twoScalar.IntGreaterEqual;YouTube_listVideos-Arithmetic comparisons;TP;TP;TP;0.9;1117;284;1401;10000;GPT-3.5
YouTube_listVideos;372;daikon.inv.binary.twoScalar.IntLessEqual;Arithmetic comparisons;YouTube_listVideos-daikon.inv.binary.twoScalar.IntLessEqual;YouTube_listVideos-Arithmetic comparisons;FP;TP;FP;0.9;1121;230;1351;1000;GPT-3.5
YouTube_listVideos;373;daikon.inv.binary.twoScalar.IntGreaterEqual;Arithmetic comparisons;YouTube_listVideos-daikon.inv.binary.twoScalar.IntGreaterEqual;YouTube_listVideos-Arithmetic comparisons;FP;TP;FP;0.95;1121;290;1411;10000;GPT-3.5
YouTube_listVideos;374;daikon.inv.unary.string.FixedLengthString;Specific formats;YouTube_listVideos-daikon.inv.unary.string.FixedLengthString;YouTube_listVideos-Specific formats;TP;TP;TP;0.9;1078;324;1402;10000;GPT-3.5
YouTube_listVideos;375;daikon.inv.unary.string.IsNumeric;Specific formats;YouTube_listVideos-daikon.inv.unary.string.IsNumeric;YouTube_listVideos-Specific formats;TP;TP;TP;0.9;811;226;1037;10000;GPT-3.5
YouTube_listVideos;376;daikon.inv.binary.twoString.StdString$SubString;String comparisons;YouTube_listVideos-daikon.inv.binary.twoString.StdString$SubString;YouTube_listVideos-String comparisons;FP;FP;TN;0.9;836;295;1131;1000;GPT-3.5
YouTube_listVideos;377;daikon.inv.binary.twoScalar.IntEqual;Arithmetic comparisons;YouTube_listVideos-daikon.inv.binary.twoScalar.IntEqual;YouTube_listVideos-Arithmetic comparisons;FP;TP;FP;0.9;743;255;998;1000;GPT-3.5
YouTube_listVideos;378;daikon.inv.binary.twoScalar.IntEqual;Arithmetic comparisons;YouTube_listVideos-daikon.inv.binary.twoScalar.IntEqual;YouTube_listVideos-Arithmetic comparisons;TP;TP;TP;0.9;738;288;1026;10000;GPT-3.5
YouTube_listVideos;379;daikon.inv.binary.twoScalar.IntEqual;Arithmetic comparisons;YouTube_listVideos-daikon.inv.binary.twoScalar.IntEqual;YouTube_listVideos-Arithmetic comparisons;FP;TP;FP;0.9;769;319;1088;1000;GPT-3.5
YouTube_listVideos;380;daikon.inv.unary.string.OneOfString;Specific values;YouTube_listVideos-daikon.inv.unary.string.OneOfString;YouTube_listVideos-Specific values;TP;TP;TP;0.9;780;240;1020;10000;GPT-3.5
YouTube_listVideos;381;daikon.inv.unary.string.OneOfString;Specific values;YouTube_listVideos-daikon.inv.unary.string.OneOfString;YouTube_listVideos-Specific values;TP;TP;TP;0.9;770;259;1029;10000;GPT-3.5
YouTube_listVideos;382;daikon.inv.unary.scalar.OneOfScalar;Specific values;YouTube_listVideos-daikon.inv.unary.scalar.OneOfScalar;YouTube_listVideos-Specific values;FP;TP;FP;0.95;723;298;1021;1000;GPT-3.5
YouTube_listVideos;383;daikon.inv.binary.sequenceString.MemberString;Array properties;YouTube_listVideos-daikon.inv.binary.sequenceString.MemberString;YouTube_listVideos-Array properties;FP;TP;FP;0.95;835;242;1077;10000;GPT-3.5
YouTube_listVideos;384;daikon.inv.binary.sequenceString.MemberString;Array properties;YouTube_listVideos-daikon.inv.binary.sequenceString.MemberString;YouTube_listVideos-Array properties;FP;FP;TN;0.9;835;354;1189;1000;GPT-3.5
YouTube_listVideos;385;daikon.inv.binary.sequenceString.MemberString;Array properties;YouTube_listVideos-daikon.inv.binary.sequenceString.MemberString;YouTube_listVideos-Array properties;FP;TP;FP;0.9;791;228;1019;1000;GPT-3.5
YouTube_listVideos;386;daikon.inv.binary.twoScalar.IntGreaterThan;Arithmetic comparisons;YouTube_listVideos-daikon.inv.binary.twoScalar.IntGreaterThan;YouTube_listVideos-Arithmetic comparisons;FP;TP;FP;0.9;1018;309;1327;10000;GPT-3.5
YouTube_listVideos;387;daikon.inv.binary.twoScalar.IntGreaterThan;Arithmetic comparisons;YouTube_listVideos-daikon.inv.binary.twoScalar.IntGreaterThan;YouTube_listVideos-Arithmetic comparisons;FP;TP;FP;0.9;1019;322;1341;10000;GPT-3.5
YouTube_listVideos;388;daikon.inv.binary.twoScalar.IntGreaterThan;Arithmetic comparisons;YouTube_listVideos-daikon.inv.binary.twoScalar.IntGreaterThan;YouTube_listVideos-Arithmetic comparisons;FP;TP;FP;0.9;1021;391;1412;10000;GPT-3.5
YouTube_listVideos;389;daikon.inv.binary.twoScalar.IntGreaterThan;Arithmetic comparisons;YouTube_listVideos-daikon.inv.binary.twoScalar.IntGreaterThan;YouTube_listVideos-Arithmetic comparisons;FP;TP;FP;0.95;1011;342;1353;10000;GPT-3.5
YouTube_listVideos;390;daikon.inv.binary.twoScalar.NumericInt$Divides;Arithmetic comparisons;YouTube_listVideos-daikon.inv.binary.twoScalar.NumericInt$Divides;YouTube_listVideos-Arithmetic comparisons;FP;TP;FP;0.9;1028;265;1293;1000;GPT-3.5
YouTube_listVideos;391;daikon.inv.unary.string.FixedLengthString;Specific formats;YouTube_listVideos-daikon.inv.unary.string.FixedLengthString;YouTube_listVideos-Specific formats;FP;TP;FP;0.9;714;268;982;10000;GPT-3.5
YouTube_listVideos;392;daikon.inv.unary.string.IsNumeric;Specific formats;YouTube_listVideos-daikon.inv.unary.string.IsNumeric;YouTube_listVideos-Specific formats;TP;FP;FN;0.9;708;270;978;10000;GPT-3.5
YouTube_listVideos;393;daikon.inv.binary.twoScalar.IntNonEqual;Arithmetic comparisons;YouTube_listVideos-daikon.inv.binary.twoScalar.IntNonEqual;YouTube_listVideos-Arithmetic comparisons;FP;TP;FP;0.95;864;362;1226;10000;GPT-3.5
YouTube_listVideos;394;daikon.inv.binary.twoScalar.IntNonEqual;Arithmetic comparisons;YouTube_listVideos-daikon.inv.binary.twoScalar.IntNonEqual;YouTube_listVideos-Arithmetic comparisons;FP;TP;FP;0.95;863;274;1137;10000;GPT-3.5
YouTube_listVideos;395;daikon.inv.binary.twoScalar.IntNonEqual;Arithmetic comparisons;YouTube_listVideos-daikon.inv.binary.twoScalar.IntNonEqual;YouTube_listVideos-Arithmetic comparisons;FP;TP;FP;0.9;974;226;1200;10000;GPT-3.5
YouTube_listVideos;396;daikon.inv.binary.twoScalar.IntNonEqual;Arithmetic comparisons;YouTube_listVideos-daikon.inv.binary.twoScalar.IntNonEqual;YouTube_listVideos-Arithmetic comparisons;FP;TP;FP;0.95;976;239;1215;10000;GPT-3.5
YouTube_listVideos;397;daikon.inv.unary.scalar.LowerBound;Specific values;YouTube_listVideos-daikon.inv.unary.scalar.LowerBound;YouTube_listVideos-Specific values;TP;TP;TP;0.9;713;338;1051;10000;GPT-3.5
YouTube_listVideos;398;daikon.inv.unary.scalar.LowerBound;Specific values;YouTube_listVideos-daikon.inv.unary.scalar.LowerBound;YouTube_listVideos-Specific values;TP;TP;TP;1.0;713;259;972;10000;GPT-3.5
YouTube_listVideos;399;daikon.inv.unary.string.FixedLengthString;Specific formats;YouTube_listVideos-daikon.inv.unary.string.FixedLengthString;YouTube_listVideos-Specific formats;TP;FP;FN;0.9;753;305;1058;10000;GPT-3.5
YouTube_listVideos;400;daikon.inv.unary.string.FixedLengthString;Specific formats;YouTube_listVideos-daikon.inv.unary.string.FixedLengthString;YouTube_listVideos-Specific formats;TP;TP;TP;0.9;828;256;1084;10000;GPT-3.5
YouTube_listVideos;401;daikon.inv.unary.string.dates.IsTimestampYYYYMMHHThhmmssmm;Specific formats;YouTube_listVideos-daikon.inv.unary.string.dates.IsTimestampYYYYMMHHThhmmssmm;YouTube_listVideos-Specific formats;TP;TP;TP;0.9;854;264;1118;10000;GPT-3.5
Yelp_getBusinesses;0;daikon.inv.unary.scalar.NonZero;Arithmetic comparisons;Yelp_getBusinesses-daikon.inv.unary.scalar.NonZero;Yelp_getBusinesses-Arithmetic comparisons;TP;TP;TP;0.9;630;224;854;10000;GPT-3.5
Yelp_getBusinesses;1;daikon.inv.unary.sequence.EltNonZero;Array properties;Yelp_getBusinesses-daikon.inv.unary.sequence.EltNonZero;Yelp_getBusinesses-Array properties;TP;TP;TP;0.95;640;251;891;10000;GPT-3.5
Yelp_getBusinesses;2;daikon.inv.unary.scalar.NonZero;Arithmetic comparisons;Yelp_getBusinesses-daikon.inv.unary.scalar.NonZero;Yelp_getBusinesses-Arithmetic comparisons;TP;TP;TP;0.95;613;219;832;10000;GPT-3.5
Yelp_getBusinesses;3;daikon.inv.unary.scalar.NonZeroFloat;Arithmetic comparisons;Yelp_getBusinesses-daikon.inv.unary.scalar.NonZeroFloat;Yelp_getBusinesses-Arithmetic comparisons;FP;TP;FP;0.95;714;235;949;10000;GPT-3.5
Yelp_getBusinesses;4;daikon.inv.unary.scalar.NonZeroFloat;Arithmetic comparisons;Yelp_getBusinesses-daikon.inv.unary.scalar.NonZeroFloat;Yelp_getBusinesses-Arithmetic comparisons;FP;TP;FP;0.95;708;173;881;10000;GPT-3.5
Yelp_getBusinesses;5;daikon.inv.unary.scalar.OneOfScalar;Specific values;Yelp_getBusinesses-daikon.inv.unary.scalar.OneOfScalar;Yelp_getBusinesses-Specific values;FP;TP;FP;0.9;674;228;902;100;GPT-3.5
Yelp_getBusinesses;6;daikon.inv.unary.scalar.LowerBound;Specific values;Yelp_getBusinesses-daikon.inv.unary.scalar.LowerBound;Yelp_getBusinesses-Specific values;FP;TP;FP;0.95;687;240;927;10000;GPT-3.5
Yelp_getBusinesses;7;daikon.inv.unary.scalar.NonZero;Arithmetic comparisons;Yelp_getBusinesses-daikon.inv.unary.scalar.NonZero;Yelp_getBusinesses-Arithmetic comparisons;TP;TP;TP;0.9;621;235;856;10000;GPT-3.5
Yelp_getBusinesses;8;daikon.inv.unary.stringsequence.EltOneOfString;Specific values;Yelp_getBusinesses-daikon.inv.unary.stringsequence.EltOneOfString;Yelp_getBusinesses-Specific values;TP;TP;TP;0.9;749;252;1001;10000;GPT-3.5
Yelp_getBusinesses;9;daikon.inv.unary.scalar.NonZero;Arithmetic comparisons;Yelp_getBusinesses-daikon.inv.unary.scalar.NonZero;Yelp_getBusinesses-Arithmetic comparisons;TP;TP;TP;0.9;613;247;860;10000;GPT-3.5
Yelp_getBusinesses;10;daikon.inv.unary.scalar.NonZero;Arithmetic comparisons;Yelp_getBusinesses-daikon.inv.unary.scalar.NonZero;Yelp_getBusinesses-Arithmetic comparisons;TP;TP;TP;0.95;635;256;891;10000;GPT-3.5
Yelp_getBusinesses;11;daikon.inv.unary.scalar.LowerBound;Specific values;Yelp_getBusinesses-daikon.inv.unary.scalar.LowerBound;Yelp_getBusinesses-Specific values;FP;TP;FP;0.95;858;257;1115;100;GPT-3.5
Yelp_getBusinesses;12;daikon.inv.unary.scalar.LowerBound;Specific values;Yelp_getBusinesses-daikon.inv.unary.scalar.LowerBound;Yelp_getBusinesses-Specific values;FP;TP;FP;0.9;781;235;1016;50;GPT-3.5
Yelp_getBusinesses;13;daikon.inv.binary.twoScalar.IntGreaterThan;Arithmetic comparisons;Yelp_getBusinesses-daikon.inv.binary.twoScalar.IntGreaterThan;Yelp_getBusinesses-Arithmetic comparisons;FP;TP;FP;0.95;736;246;982;100;GPT-3.5
Yelp_getBusinesses;14;daikon.inv.binary.twoScalar.IntGreaterThan;Arithmetic comparisons;Yelp_getBusinesses-daikon.inv.binary.twoScalar.IntGreaterThan;Yelp_getBusinesses-Arithmetic comparisons;FP;TP;FP;0.9;876;286;1162;10000;GPT-3.5
Yelp_getBusinesses;15;daikon.inv.binary.twoScalar.IntGreaterThan;Arithmetic comparisons;Yelp_getBusinesses-daikon.inv.binary.twoScalar.IntGreaterThan;Yelp_getBusinesses-Arithmetic comparisons;FP;TP;FP;0.9;742;238;980;10000;GPT-3.5
Yelp_getBusinesses;16;daikon.inv.binary.twoScalar.IntGreaterThan;Arithmetic comparisons;Yelp_getBusinesses-daikon.inv.binary.twoScalar.IntGreaterThan;Yelp_getBusinesses-Arithmetic comparisons;FP;TP;FP;0.95;854;285;1139;10000;GPT-3.5
Yelp_getBusinesses;17;daikon.inv.binary.twoScalar.IntGreaterEqual;Arithmetic comparisons;Yelp_getBusinesses-daikon.inv.binary.twoScalar.IntGreaterEqual;Yelp_getBusinesses-Arithmetic comparisons;FP;TP;FP;0.95;871;254;1125;50;GPT-3.5
Yelp_getBusinesses;18;daikon.inv.binary.twoScalar.IntGreaterEqual;Arithmetic comparisons;Yelp_getBusinesses-daikon.inv.binary.twoScalar.IntGreaterEqual;Yelp_getBusinesses-Arithmetic comparisons;FP;TP;FP;0.9;747;210;957;500;GPT-3.5
Yelp_getBusinesses;19;daikon.inv.binary.twoScalar.IntGreaterEqual;Arithmetic comparisons;Yelp_getBusinesses-daikon.inv.binary.twoScalar.IntGreaterEqual;Yelp_getBusinesses-Arithmetic comparisons;FP;FP;TN;0.9;739;274;1013;100;GPT-3.5
Yelp_getBusinesses;20;daikon.inv.binary.twoScalar.FloatNonEqual;Arithmetic comparisons;Yelp_getBusinesses-daikon.inv.binary.twoScalar.FloatNonEqual;Yelp_getBusinesses-Arithmetic comparisons;FP;TP;FP;0.95;786;220;1006;10000;GPT-3.5
Yelp_getBusinesses;21;daikon.inv.binary.twoScalar.FloatLessThan;Arithmetic comparisons;Yelp_getBusinesses-daikon.inv.binary.twoScalar.FloatLessThan;Yelp_getBusinesses-Arithmetic comparisons;FP;TP;FP;0.9;781;207;988;50;GPT-3.5
Yelp_getBusinesses;22;daikon.inv.binary.twoScalar.FloatNonEqual;Arithmetic comparisons;Yelp_getBusinesses-daikon.inv.binary.twoScalar.FloatNonEqual;Yelp_getBusinesses-Arithmetic comparisons;FP;TP;FP;0.95;766;206;972;10000;GPT-3.5
Yelp_getBusinesses;23;daikon.inv.binary.twoScalar.FloatLessThan;Arithmetic comparisons;Yelp_getBusinesses-daikon.inv.binary.twoScalar.FloatLessThan;Yelp_getBusinesses-Arithmetic comparisons;FP;TP;FP;0.9;786;217;1003;50;GPT-3.5
Yelp_getBusinesses;24;daikon.inv.binary.twoScalar.FloatNonEqual;Arithmetic comparisons;Yelp_getBusinesses-daikon.inv.binary.twoScalar.FloatNonEqual;Yelp_getBusinesses-Arithmetic comparisons;FP;TP;FP;0.95;762;277;1039;10000;GPT-3.5
Yelp_getBusinesses;25;daikon.inv.binary.twoScalar.FloatGreaterThan;Arithmetic comparisons;Yelp_getBusinesses-daikon.inv.binary.twoScalar.FloatGreaterThan;Yelp_getBusinesses-Arithmetic comparisons;FP;TP;FP;0.9;757;293;1050;100;GPT-3.5
Yelp_getBusinesses;26;daikon.inv.binary.twoScalar.IntGreaterEqual;Arithmetic comparisons;Yelp_getBusinesses-daikon.inv.binary.twoScalar.IntGreaterEqual;Yelp_getBusinesses-Arithmetic comparisons;FP;TP;FP;0.9;747;260;1007;50;GPT-3.5
Yelp_getBusinesses;27;daikon.inv.binary.twoScalar.IntGreaterEqual;Arithmetic comparisons;Yelp_getBusinesses-daikon.inv.binary.twoScalar.IntGreaterEqual;Yelp_getBusinesses-Arithmetic comparisons;FP;TP;FP;0.9;736;247;983;100;GPT-3.5
Yelp_getBusinesses;28;daikon.inv.binary.twoScalar.IntGreaterThan;Arithmetic comparisons;Yelp_getBusinesses-daikon.inv.binary.twoScalar.IntGreaterThan;Yelp_getBusinesses-Arithmetic comparisons;FP;TP;FP;0.95;754;239;993;50;GPT-3.5
Yelp_getBusinesses;29;daikon.inv.binary.sequenceString.MemberString;Array properties;Yelp_getBusinesses-daikon.inv.binary.sequenceString.MemberString;Yelp_getBusinesses-Array properties;TP;TP;TP;0.95;911;249;1160;100;GPT-3.5
Yelp_getBusinesses;30;daikon.inv.binary.sequenceString.MemberString;Array properties;Yelp_getBusinesses-daikon.inv.binary.sequenceString.MemberString;Yelp_getBusinesses-Array properties;TP;TP;TP;0.95;898;272;1170;1000;GPT-3.5
Yelp_getBusinesses;31;daikon.inv.binary.sequenceString.MemberString;Array properties;Yelp_getBusinesses-daikon.inv.binary.sequenceString.MemberString;Yelp_getBusinesses-Array properties;TP;FP;FN;1.0;841;271;1112;1000;GPT-3.5
Yelp_getBusinesses;32;daikon.inv.binary.twoScalar.NumericInt$Divides;Arithmetic comparisons;Yelp_getBusinesses-daikon.inv.binary.twoScalar.NumericInt$Divides;Yelp_getBusinesses-Arithmetic comparisons;FP;FP;TN;0.9;691;228;919;100;GPT-3.5
Yelp_getBusinesses;33;daikon.inv.binary.twoScalar.NumericInt$Divides;Arithmetic comparisons;Yelp_getBusinesses-daikon.inv.binary.twoScalar.NumericInt$Divides;Yelp_getBusinesses-Arithmetic comparisons;FP;TP;FP;0.9;651;243;894;50;GPT-3.5
Yelp_getBusinesses;34;daikon.inv.binary.twoScalar.IntGreaterEqual;Arithmetic comparisons;Yelp_getBusinesses-daikon.inv.binary.twoScalar.IntGreaterEqual;Yelp_getBusinesses-Arithmetic comparisons;FP;TP;FP;0.9;641;301;942;50;GPT-3.5
Yelp_getBusinesses;35;daikon.inv.binary.twoScalar.NumericInt$Divides;Arithmetic comparisons;Yelp_getBusinesses-daikon.inv.binary.twoScalar.NumericInt$Divides;Yelp_getBusinesses-Arithmetic comparisons;FP;TP;FP;0.9;653;226;879;50;GPT-3.5
Yelp_getBusinesses;36;daikon.inv.binary.twoScalar.IntLessEqual;Arithmetic comparisons;Yelp_getBusinesses-daikon.inv.binary.twoScalar.IntLessEqual;Yelp_getBusinesses-Arithmetic comparisons;FP;TP;FP;0.9;823;258;1081;100;GPT-3.5
Yelp_getBusinesses;37;daikon.inv.binary.twoScalar.IntLessEqual;Arithmetic comparisons;Yelp_getBusinesses-daikon.inv.binary.twoScalar.IntLessEqual;Yelp_getBusinesses-Arithmetic comparisons;FP;TP;FP;0.9;865;302;1167;100;GPT-3.5
Yelp_getBusinesses;38;daikon.inv.binary.twoScalar.IntLessEqual;Arithmetic comparisons;Yelp_getBusinesses-daikon.inv.binary.twoScalar.IntLessEqual;Yelp_getBusinesses-Arithmetic comparisons;FP;TP;FP;0.9;877;277;1154;50;GPT-3.5
Yelp_getBusinesses;39;daikon.inv.binary.twoScalar.IntLessEqual;Arithmetic comparisons;Yelp_getBusinesses-daikon.inv.binary.twoScalar.IntLessEqual;Yelp_getBusinesses-Arithmetic comparisons;FP;TP;FP;0.9;778;245;1023;50;GPT-3.5
Yelp_getBusinesses;40;daikon.inv.binary.twoScalar.IntLessEqual;Arithmetic comparisons;Yelp_getBusinesses-daikon.inv.binary.twoScalar.IntLessEqual;Yelp_getBusinesses-Arithmetic comparisons;FP;TP;FP;0.9;847;311;1158;50;GPT-3.5
Yelp_getBusinesses;41;daikon.inv.binary.twoScalar.IntLessEqual;Arithmetic comparisons;Yelp_getBusinesses-daikon.inv.binary.twoScalar.IntLessEqual;Yelp_getBusinesses-Arithmetic comparisons;FP;TP;FP;0.95;962;233;1195;50;GPT-3.5
Yelp_getBusinesses;42;daikon.inv.binary.twoScalar.IntLessEqual;Arithmetic comparisons;Yelp_getBusinesses-daikon.inv.binary.twoScalar.IntLessEqual;Yelp_getBusinesses-Arithmetic comparisons;FP;TP;FP;0.9;856;230;1086;10000;GPT-3.5
Yelp_getBusinesses;43;daikon.inv.unary.scalar.LowerBound;Specific values;Yelp_getBusinesses-daikon.inv.unary.scalar.LowerBound;Yelp_getBusinesses-Specific values;TP;TP;TP;0.95;641;249;890;10000;GPT-3.5
Yelp_getBusinesses;44;daikon.inv.unary.scalar.NonZero;Arithmetic comparisons;Yelp_getBusinesses-daikon.inv.unary.scalar.NonZero;Yelp_getBusinesses-Arithmetic comparisons;TP;TP;TP;0.9;586;190;776;10000;GPT-3.5
Yelp_getBusinesses;45;daikon.inv.unary.scalar.NonZero;Arithmetic comparisons;Yelp_getBusinesses-daikon.inv.unary.scalar.NonZero;Yelp_getBusinesses-Arithmetic comparisons;TP;TP;TP;0.9;598;201;799;10000;GPT-3.5
Yelp_getBusinesses;46;daikon.inv.unary.scalar.NonZero;Arithmetic comparisons;Yelp_getBusinesses-daikon.inv.unary.scalar.NonZero;Yelp_getBusinesses-Arithmetic comparisons;TP;TP;TP;0.9;650;221;871;10000;GPT-3.5
Yelp_getBusinesses;47;daikon.inv.unary.sequence.EltNonZero;Array properties;Yelp_getBusinesses-daikon.inv.unary.sequence.EltNonZero;Yelp_getBusinesses-Array properties;TP;TP;TP;0.95;660;280;940;10000;GPT-3.5
Yelp_getBusinesses;48;daikon.inv.binary.twoScalar.IntGreaterThan;Arithmetic comparisons;Yelp_getBusinesses-daikon.inv.binary.twoScalar.IntGreaterThan;Yelp_getBusinesses-Arithmetic comparisons;FP;TP;FP;0.9;692;225;917;100;GPT-3.5
Yelp_getBusinesses;49;daikon.inv.binary.twoScalar.IntGreaterThan;Arithmetic comparisons;Yelp_getBusinesses-daikon.inv.binary.twoScalar.IntGreaterThan;Yelp_getBusinesses-Arithmetic comparisons;FP;FP;TN;0.9;694;249;943;10000;GPT-3.5
Yelp_getBusinesses;50;daikon.inv.binary.twoScalar.IntGreaterEqual;Arithmetic comparisons;Yelp_getBusinesses-daikon.inv.binary.twoScalar.IntGreaterEqual;Yelp_getBusinesses-Arithmetic comparisons;TP;TP;TP;0.95;694;259;953;10000;GPT-3.5
Yelp_getBusinesses;51;daikon.inv.binary.twoScalar.IntNonEqual;Arithmetic comparisons;Yelp_getBusinesses-daikon.inv.binary.twoScalar.IntNonEqual;Yelp_getBusinesses-Arithmetic comparisons;FP;TP;FP;0.9;681;233;914;100;GPT-3.5
Yelp_getBusinesses;52;daikon.inv.binary.twoScalar.IntNonEqual;Arithmetic comparisons;Yelp_getBusinesses-daikon.inv.binary.twoScalar.IntNonEqual;Yelp_getBusinesses-Arithmetic comparisons;FP;TP;FP;0.9;714;220;934;50;GPT-3.5
Yelp_getBusinesses;53;daikon.inv.binary.twoScalar.IntGreaterEqual;Arithmetic comparisons;Yelp_getBusinesses-daikon.inv.binary.twoScalar.IntGreaterEqual;Yelp_getBusinesses-Arithmetic comparisons;FP;TP;FP;0.9;716;243;959;50;GPT-3.5
Yelp_getBusinesses;54;daikon.inv.binary.twoScalar.IntNonEqual;Arithmetic comparisons;Yelp_getBusinesses-daikon.inv.binary.twoScalar.IntNonEqual;Yelp_getBusinesses-Arithmetic comparisons;FP;TP;FP;0.9;701;242;943;100;GPT-3.5
Yelp_getBusinesses;55;daikon.inv.binary.twoScalar.IntGreaterEqual;Arithmetic comparisons;Yelp_getBusinesses-daikon.inv.binary.twoScalar.IntGreaterEqual;Yelp_getBusinesses-Arithmetic comparisons;FP;TP;FP;0.9;695;253;948;50;GPT-3.5
Yelp_getBusinesses;56;daikon.inv.binary.twoScalar.IntGreaterEqual;Arithmetic comparisons;Yelp_getBusinesses-daikon.inv.binary.twoScalar.IntGreaterEqual;Yelp_getBusinesses-Arithmetic comparisons;TP;TP;TP;0.95;678;258;936;10000;GPT-3.5
Yelp_getBusinesses;57;daikon.inv.binary.twoScalar.FloatNonEqual;Arithmetic comparisons;Yelp_getBusinesses-daikon.inv.binary.twoScalar.FloatNonEqual;Yelp_getBusinesses-Arithmetic comparisons;FP;TP;FP;0.9;753;205;958;10000;GPT-3.5
Yelp_getBusinesses;58;daikon.inv.binary.twoScalar.IntNonEqual;Arithmetic comparisons;Yelp_getBusinesses-daikon.inv.binary.twoScalar.IntNonEqual;Yelp_getBusinesses-Arithmetic comparisons;FP;FP;TN;0.8;689;223;912;100;GPT-3.5
Yelp_getBusinesses;59;daikon.inv.binary.twoScalar.IntLessEqual;Arithmetic comparisons;Yelp_getBusinesses-daikon.inv.binary.twoScalar.IntLessEqual;Yelp_getBusinesses-Arithmetic comparisons;FP;FP;TN;0.9;689;282;971;50;GPT-3.5
Yelp_getBusinesses;60;daikon.inv.unary.string.FixedLengthString;Specific formats;Yelp_getBusinesses-daikon.inv.unary.string.FixedLengthString;Yelp_getBusinesses-Specific formats;TP;TP;TP;0.95;745;223;968;10000;GPT-3.5
Yelp_getBusinesses;61;daikon.inv.unary.string.FixedLengthString;Specific formats;Yelp_getBusinesses-daikon.inv.unary.string.FixedLengthString;Yelp_getBusinesses-Specific formats;TP;TP;TP;0.95;835;232;1067;10000;GPT-3.5
Yelp_getBusinesses;62;daikon.inv.unary.string.IsUrl;Specific formats;Yelp_getBusinesses-daikon.inv.unary.string.IsUrl;Yelp_getBusinesses-Specific formats;TP;TP;TP;0.9;830;175;1005;10000;GPT-3.5
Yelp_getBusinesses;63;daikon.inv.unary.string.IsNumeric;Specific formats;Yelp_getBusinesses-daikon.inv.unary.string.IsNumeric;Yelp_getBusinesses-Specific formats;FP;TP;FP;0.9;692;215;907;100;GPT-3.5
Yelp_getBusinesses;64;daikon.inv.unary.string.IsUrl;Specific formats;Yelp_getBusinesses-daikon.inv.unary.string.IsUrl;Yelp_getBusinesses-Specific formats;TP;TP;TP;0.95;994;248;1242;10000;GPT-3.5
Yelp_getBusinesses;65;daikon.inv.unary.string.FixedLengthString;Specific formats;Yelp_getBusinesses-daikon.inv.unary.string.FixedLengthString;Yelp_getBusinesses-Specific formats;TP;TP;TP;0.95;695;189;884;10000;GPT-3.5
Yelp_getBusinesses;66;daikon.inv.binary.twoScalar.IntGreaterEqual;Arithmetic comparisons;Yelp_getBusinesses-daikon.inv.binary.twoScalar.IntGreaterEqual;Yelp_getBusinesses-Arithmetic comparisons;FP;TP;FP;0.9;900;245;1145;100;GPT-3.5
Yelp_getBusinesses;67;daikon.inv.binary.twoScalar.IntGreaterThan;Arithmetic comparisons;Yelp_getBusinesses-daikon.inv.binary.twoScalar.IntGreaterThan;Yelp_getBusinesses-Arithmetic comparisons;FP;TP;FP;0.95;748;314;1062;10000;GPT-3.5
Yelp_getBusinesses;68;daikon.inv.binary.twoScalar.IntGreaterThan;Arithmetic comparisons;Yelp_getBusinesses-daikon.inv.binary.twoScalar.IntGreaterThan;Yelp_getBusinesses-Arithmetic comparisons;FP;TP;FP;0.95;868;319;1187;10000;GPT-3.5
Yelp_getBusinesses;69;daikon.inv.binary.twoScalar.IntGreaterThan;Arithmetic comparisons;Yelp_getBusinesses-daikon.inv.binary.twoScalar.IntGreaterThan;Yelp_getBusinesses-Arithmetic comparisons;FP;TP;FP;0.95;760;262;1022;10000;GPT-3.5
Yelp_getBusinesses;70;daikon.inv.binary.twoScalar.IntGreaterThan;Arithmetic comparisons;Yelp_getBusinesses-daikon.inv.binary.twoScalar.IntGreaterThan;Yelp_getBusinesses-Arithmetic comparisons;FP;FP;TN;0.9;847;294;1141;10000;GPT-3.5
Yelp_getBusinesses;71;daikon.inv.binary.twoScalar.FloatNonEqual;Arithmetic comparisons;Yelp_getBusinesses-daikon.inv.binary.twoScalar.FloatNonEqual;Yelp_getBusinesses-Arithmetic comparisons;FP;TP;FP;0.95;787;188;975;10000;GPT-3.5
Yelp_getBusinesses;72;daikon.inv.binary.twoScalar.FloatNonEqual;Arithmetic comparisons;Yelp_getBusinesses-daikon.inv.binary.twoScalar.FloatNonEqual;Yelp_getBusinesses-Arithmetic comparisons;FP;TP;FP;0.95;787;223;1010;10000;GPT-3.5
Yelp_getBusinesses;73;daikon.inv.binary.twoScalar.IntGreaterEqual;Arithmetic comparisons;Yelp_getBusinesses-daikon.inv.binary.twoScalar.IntGreaterEqual;Yelp_getBusinesses-Arithmetic comparisons;FP;TP;FP;0.95;744;253;997;500;GPT-3.5
Yelp_getBusinesses;74;daikon.inv.binary.twoScalar.IntGreaterEqual;Arithmetic comparisons;Yelp_getBusinesses-daikon.inv.binary.twoScalar.IntGreaterEqual;Yelp_getBusinesses-Arithmetic comparisons;FP;TP;FP;0.9;681;263;944;100;GPT-3.5
Yelp_getBusinesses;75;daikon.inv.binary.twoScalar.IntGreaterEqual;Arithmetic comparisons;Yelp_getBusinesses-daikon.inv.binary.twoScalar.IntGreaterEqual;Yelp_getBusinesses-Arithmetic comparisons;FP;TP;FP;0.9;685;235;920;100;GPT-3.5
Yelp_getBusinesses;76;daikon.inv.binary.twoScalar.IntGreaterThan;Arithmetic comparisons;Yelp_getBusinesses-daikon.inv.binary.twoScalar.IntGreaterThan;Yelp_getBusinesses-Arithmetic comparisons;FP;TP;FP;0.95;703;258;961;10000;GPT-3.5
Yelp_getBusinesses;77;daikon.inv.binary.twoScalar.IntGreaterThan;Arithmetic comparisons;Yelp_getBusinesses-daikon.inv.binary.twoScalar.IntGreaterThan;Yelp_getBusinesses-Arithmetic comparisons;FP;FP;TN;0.9;688;233;921;10000;GPT-3.5
Yelp_getBusinesses;78;daikon.inv.unary.scalar.LowerBound;Specific values;Yelp_getBusinesses-daikon.inv.unary.scalar.LowerBound;Yelp_getBusinesses-Specific values;TP;TP;TP;0.9;794;279;1073;10000;GPT-3.5
Yelp_getBusinesses;79;daikon.inv.binary.twoScalar.IntNonEqual;Arithmetic comparisons;Yelp_getBusinesses-daikon.inv.binary.twoScalar.IntNonEqual;Yelp_getBusinesses-Arithmetic comparisons;FP;TP;FP;0.95;738;231;969;10000;GPT-3.5
Yelp_getBusinesses;80;daikon.inv.binary.twoScalar.FloatNonEqual;Arithmetic comparisons;Yelp_getBusinesses-daikon.inv.binary.twoScalar.FloatNonEqual;Yelp_getBusinesses-Arithmetic comparisons;FP;TP;FP;0.9;759;263;1022;10000;GPT-3.5
Yelp_getBusinesses;81;daikon.inv.binary.twoScalar.IntGreaterEqual;Arithmetic comparisons;Yelp_getBusinesses-daikon.inv.binary.twoScalar.IntGreaterEqual;Yelp_getBusinesses-Arithmetic comparisons;FP;TP;FP;0.95;763;271;1034;1000;GPT-3.5
Yelp_getBusinesses;82;daikon.inv.binary.twoScalar.IntGreaterEqual;Arithmetic comparisons;Yelp_getBusinesses-daikon.inv.binary.twoScalar.IntGreaterEqual;Yelp_getBusinesses-Arithmetic comparisons;FP;TP;FP;0.9;781;246;1027;500;GPT-3.5
Yelp_getBusinesses;83;daikon.inv.unary.scalar.NonZeroFloat;Arithmetic comparisons;Yelp_getBusinesses-daikon.inv.unary.scalar.NonZeroFloat;Yelp_getBusinesses-Arithmetic comparisons;FP;TP;FP;0.95;687;243;930;10000;GPT-3.5
Yelp_getBusinesses;84;daikon.inv.unary.scalar.NonZeroFloat;Arithmetic comparisons;Yelp_getBusinesses-daikon.inv.unary.scalar.NonZeroFloat;Yelp_getBusinesses-Arithmetic comparisons;FP;TP;FP;0.95;683;224;907;10000;GPT-3.5
Yelp_getBusinesses;85;daikon.inv.binary.twoScalar.IntNonEqual;Arithmetic comparisons;Yelp_getBusinesses-daikon.inv.binary.twoScalar.IntNonEqual;Yelp_getBusinesses-Arithmetic comparisons;FP;TP;FP;0.95;698;228;926;10000;GPT-3.5
Yelp_getBusinesses;86;daikon.inv.binary.twoScalar.IntGreaterEqual;Arithmetic comparisons;Yelp_getBusinesses-daikon.inv.binary.twoScalar.IntGreaterEqual;Yelp_getBusinesses-Arithmetic comparisons;FP;TP;FP;0.9;750;270;1020;1000;GPT-3.5
Yelp_getBusinesses;87;daikon.inv.binary.twoScalar.IntGreaterEqual;Arithmetic comparisons;Yelp_getBusinesses-daikon.inv.binary.twoScalar.IntGreaterEqual;Yelp_getBusinesses-Arithmetic comparisons;FP;TP;FP;0.95;747;255;1002;1000;GPT-3.5
Yelp_getBusinesses;88;daikon.inv.unary.scalar.LowerBoundFloat;Specific values;Yelp_getBusinesses-daikon.inv.unary.scalar.LowerBoundFloat;Yelp_getBusinesses-Specific values;TP;TP;TP;0.95;687;252;939;10000;GPT-3.5
Spotify_getAlbumTracks;0;daikon.inv.unary.scalar.NonZero;Arithmetic comparisons;Spotify_getAlbumTracks-daikon.inv.unary.scalar.NonZero;Spotify_getAlbumTracks-Arithmetic comparisons;TP;TP;TP;0.95;702;209;911;10000;GPT-3.5
Spotify_getAlbumTracks;1;daikon.inv.unary.string.OneOfString;Specific values;Spotify_getAlbumTracks-daikon.inv.unary.string.OneOfString;Spotify_getAlbumTracks-Specific values;TP;TP;TP;0.9;762;264;1026;10000;GPT-3.5
Spotify_getAlbumTracks;2;daikon.inv.binary.twoString.StringEqual;String comparisons;Spotify_getAlbumTracks-daikon.inv.binary.twoString.StringEqual;Spotify_getAlbumTracks-String comparisons;TP;TP;TP;0.9;775;247;1022;10000;GPT-3.5
Spotify_getAlbumTracks;3;daikon.inv.unary.scalar.NonZero;Arithmetic comparisons;Spotify_getAlbumTracks-daikon.inv.unary.scalar.NonZero;Spotify_getAlbumTracks-Arithmetic comparisons;TP;TP;TP;0.9;774;245;1019;10000;GPT-3.5
Spotify_getAlbumTracks;4;daikon.inv.unary.sequence.EltNonZero;Array properties;Spotify_getAlbumTracks-daikon.inv.unary.sequence.EltNonZero;Spotify_getAlbumTracks-Array properties;TP;TP;TP;0.9;784;196;980;10000;GPT-3.5
Spotify_getAlbumTracks;5;daikon.inv.unary.scalar.LowerBound;Specific values;Spotify_getAlbumTracks-daikon.inv.unary.scalar.LowerBound;Spotify_getAlbumTracks-Specific values;TP;TP;TP;0.9;734;227;961;10000;GPT-3.5
Spotify_getAlbumTracks;6;daikon.inv.unary.scalar.NonZero;Arithmetic comparisons;Spotify_getAlbumTracks-daikon.inv.unary.scalar.NonZero;Spotify_getAlbumTracks-Arithmetic comparisons;TP;TP;TP;0.95;663;227;890;10000;GPT-3.5
Spotify_getAlbumTracks;7;daikon.inv.unary.scalar.OneOfScalar;Specific values;Spotify_getAlbumTracks-daikon.inv.unary.scalar.OneOfScalar;Spotify_getAlbumTracks-Specific values;TP;TP;TP;0.95;718;261;979;10000;GPT-3.5
Spotify_getAlbumTracks;8;daikon.inv.unary.string.OneOfString;Specific values;Spotify_getAlbumTracks-daikon.inv.unary.string.OneOfString;Spotify_getAlbumTracks-Specific values;TP;TP;TP;0.95;780;247;1027;10000;GPT-3.5
Spotify_getAlbumTracks;9;daikon.inv.unary.string.OneOfString;Specific values;Spotify_getAlbumTracks-daikon.inv.unary.string.OneOfString;Spotify_getAlbumTracks-Specific values;FP;TP;FP;0.9;726;224;950;100;GPT-3.5
Spotify_getAlbumTracks;10;daikon.inv.unary.scalar.LowerBound;Specific values;Spotify_getAlbumTracks-daikon.inv.unary.scalar.LowerBound;Spotify_getAlbumTracks-Specific values;TP;TP;TP;0.9;741;218;959;10000;GPT-3.5
Spotify_getAlbumTracks;11;daikon.inv.unary.string.OneOfString;Specific values;Spotify_getAlbumTracks-daikon.inv.unary.string.OneOfString;Spotify_getAlbumTracks-Specific values;TP;TP;TP;0.9;722;226;948;10000;GPT-3.5
Spotify_getAlbumTracks;12;daikon.inv.unary.scalar.LowerBound;Specific values;Spotify_getAlbumTracks-daikon.inv.unary.scalar.LowerBound;Spotify_getAlbumTracks-Specific values;TP;TP;TP;0.95;792;238;1030;10000;GPT-3.5
Spotify_getAlbumTracks;13;daikon.inv.binary.twoScalar.IntGreaterThan;Arithmetic comparisons;Spotify_getAlbumTracks-daikon.inv.binary.twoScalar.IntGreaterThan;Spotify_getAlbumTracks-Arithmetic comparisons;FP;TP;FP;0.95;793;251;1044;100;GPT-3.5
Spotify_getAlbumTracks;14;daikon.inv.binary.twoScalar.IntLessThan;Arithmetic comparisons;Spotify_getAlbumTracks-daikon.inv.binary.twoScalar.IntLessThan;Spotify_getAlbumTracks-Arithmetic comparisons;FP;TP;FP;0.95;791;252;1043;10000;GPT-3.5
Spotify_getAlbumTracks;15;daikon.inv.binary.twoScalar.IntGreaterThan;Arithmetic comparisons;Spotify_getAlbumTracks-daikon.inv.binary.twoScalar.IntGreaterThan;Spotify_getAlbumTracks-Arithmetic comparisons;FP;TP;FP;0.95;826;222;1048;50;GPT-3.5
Spotify_getAlbumTracks;16;daikon.inv.binary.twoScalar.IntLessThan;Arithmetic comparisons;Spotify_getAlbumTracks-daikon.inv.binary.twoScalar.IntLessThan;Spotify_getAlbumTracks-Arithmetic comparisons;FP;TP;FP;0.9;748;254;1002;100;GPT-3.5
Spotify_getAlbumTracks;17;daikon.inv.binary.twoScalar.IntLessThan;Arithmetic comparisons;Spotify_getAlbumTracks-daikon.inv.binary.twoScalar.IntLessThan;Spotify_getAlbumTracks-Arithmetic comparisons;FP;TP;FP;0.95;780;198;978;10000;GPT-3.5
Spotify_getAlbumTracks;18;daikon.inv.binary.twoScalar.IntGreaterEqual;Arithmetic comparisons;Spotify_getAlbumTracks-daikon.inv.binary.twoScalar.IntGreaterEqual;Spotify_getAlbumTracks-Arithmetic comparisons;FP;TP;FP;0.9;818;193;1011;100;GPT-3.5
Spotify_getAlbumTracks;19;daikon.inv.binary.twoScalar.IntLessThan;Arithmetic comparisons;Spotify_getAlbumTracks-daikon.inv.binary.twoScalar.IntLessThan;Spotify_getAlbumTracks-Arithmetic comparisons;FP;TP;FP;0.95;737;262;999;100;GPT-3.5
Spotify_getAlbumTracks;20;daikon.inv.binary.sequenceString.MemberString;Array properties;Spotify_getAlbumTracks-daikon.inv.binary.sequenceString.MemberString;Spotify_getAlbumTracks-Array properties;FP;TP;FP;0.9;741;250;991;10000;GPT-3.5
Spotify_getAlbumTracks;21;daikon.inv.binary.sequenceString.MemberString;Array properties;Spotify_getAlbumTracks-daikon.inv.binary.sequenceString.MemberString;Spotify_getAlbumTracks-Array properties;FP;FP;TN;0.9;738;259;997;10000;GPT-3.5
Spotify_getAlbumTracks;22;daikon.inv.binary.sequenceString.MemberString;Array properties;Spotify_getAlbumTracks-daikon.inv.binary.sequenceString.MemberString;Spotify_getAlbumTracks-Array properties;FP;TP;FP;0.9;782;264;1046;10000;GPT-3.5
Spotify_getAlbumTracks;23;daikon.inv.binary.sequenceString.MemberString;Array properties;Spotify_getAlbumTracks-daikon.inv.binary.sequenceString.MemberString;Spotify_getAlbumTracks-Array properties;FP;FP;TN;0.9;783;283;1066;10000;GPT-3.5
Spotify_getAlbumTracks;24;daikon.inv.binary.sequenceString.MemberString;Array properties;Spotify_getAlbumTracks-daikon.inv.binary.sequenceString.MemberString;Spotify_getAlbumTracks-Array properties;FP;FP;TN;1.0;782;293;1075;10000;GPT-3.5
Spotify_getAlbumTracks;25;daikon.inv.binary.twoScalar.IntLessThan;Arithmetic comparisons;Spotify_getAlbumTracks-daikon.inv.binary.twoScalar.IntLessThan;Spotify_getAlbumTracks-Arithmetic comparisons;FP;TP;FP;0.95;795;210;1005;10000;GPT-3.5
Spotify_getAlbumTracks;26;daikon.inv.binary.twoScalar.IntLessThan;Arithmetic comparisons;Spotify_getAlbumTracks-daikon.inv.binary.twoScalar.IntLessThan;Spotify_getAlbumTracks-Arithmetic comparisons;FP;TP;FP;0.9;743;257;1000;100;GPT-3.5
Spotify_getAlbumTracks;27;daikon.inv.binary.twoScalar.IntGreaterThan;Arithmetic comparisons;Spotify_getAlbumTracks-daikon.inv.binary.twoScalar.IntGreaterThan;Spotify_getAlbumTracks-Arithmetic comparisons;FP;TP;FP;0.95;801;239;1040;10000;GPT-3.5
Spotify_getAlbumTracks;28;daikon.inv.binary.twoScalar.IntGreaterThan;Arithmetic comparisons;Spotify_getAlbumTracks-daikon.inv.binary.twoScalar.IntGreaterThan;Spotify_getAlbumTracks-Arithmetic comparisons;FP;FP;TN;0.9;812;189;1001;10000;GPT-3.5
Spotify_getAlbumTracks;29;daikon.inv.binary.twoScalar.IntGreaterThan;Arithmetic comparisons;Spotify_getAlbumTracks-daikon.inv.binary.twoScalar.IntGreaterThan;Spotify_getAlbumTracks-Arithmetic comparisons;FP;FP;TN;0.9;831;267;1098;10000;GPT-3.5
Spotify_getAlbumTracks;30;daikon.inv.binary.twoScalar.IntLessThan;Arithmetic comparisons;Spotify_getAlbumTracks-daikon.inv.binary.twoScalar.IntLessThan;Spotify_getAlbumTracks-Arithmetic comparisons;FP;TP;FP;0.9;750;236;986;100;GPT-3.5
Spotify_getAlbumTracks;31;daikon.inv.binary.twoScalar.IntLessThan;Arithmetic comparisons;Spotify_getAlbumTracks-daikon.inv.binary.twoScalar.IntLessThan;Spotify_getAlbumTracks-Arithmetic comparisons;FP;FP;TN;0.9;846;269;1115;100;GPT-3.5
Spotify_getAlbumTracks;32;daikon.inv.binary.twoScalar.IntEqual;Arithmetic comparisons;Spotify_getAlbumTracks-daikon.inv.binary.twoScalar.IntEqual;Spotify_getAlbumTracks-Arithmetic comparisons;TP;TP;TP;0.95;751;310;1061;10000;GPT-3.5
Spotify_getAlbumTracks;33;daikon.inv.binary.twoScalar.IntEqual;Arithmetic comparisons;Spotify_getAlbumTracks-daikon.inv.binary.twoScalar.IntEqual;Spotify_getAlbumTracks-Arithmetic comparisons;TP;TP;TP;0.9;738;211;949;10000;GPT-3.5
Spotify_getAlbumTracks;34;daikon.inv.unary.scalar.NonZero;Arithmetic comparisons;Spotify_getAlbumTracks-daikon.inv.unary.scalar.NonZero;Spotify_getAlbumTracks-Arithmetic comparisons;TP;FP;FN;0.9;998;256;1254;10000;GPT-3.5
Spotify_getAlbumTracks;35;daikon.inv.unary.sequence.EltNonZero;Array properties;Spotify_getAlbumTracks-daikon.inv.unary.sequence.EltNonZero;Spotify_getAlbumTracks-Array properties;TP;TP;TP;0.9;1008;206;1214;10000;GPT-3.5
Spotify_getAlbumTracks;36;daikon.inv.unary.scalar.LowerBound;Specific values;Spotify_getAlbumTracks-daikon.inv.unary.scalar.LowerBound;Spotify_getAlbumTracks-Specific values;TP;TP;TP;0.9;688;245;933;10000;GPT-3.5
Spotify_getAlbumTracks;37;daikon.inv.unary.scalar.LowerBound;Specific values;Spotify_getAlbumTracks-daikon.inv.unary.scalar.LowerBound;Spotify_getAlbumTracks-Specific values;TP;TP;TP;0.95;681;255;936;10000;GPT-3.5
Spotify_getAlbumTracks;38;daikon.inv.binary.twoScalar.IntNonEqual;Arithmetic comparisons;Spotify_getAlbumTracks-daikon.inv.binary.twoScalar.IntNonEqual;Spotify_getAlbumTracks-Arithmetic comparisons;FP;TP;FP;0.9;748;214;962;100;GPT-3.5
Spotify_getAlbumTracks;39;daikon.inv.binary.twoScalar.IntNonEqual;Arithmetic comparisons;Spotify_getAlbumTracks-daikon.inv.binary.twoScalar.IntNonEqual;Spotify_getAlbumTracks-Arithmetic comparisons;FP;TP;FP;0.9;741;259;1000;50;GPT-3.5
Spotify_getAlbumTracks;40;daikon.inv.binary.twoScalar.IntGreaterEqual;Arithmetic comparisons;Spotify_getAlbumTracks-daikon.inv.binary.twoScalar.IntGreaterEqual;Spotify_getAlbumTracks-Arithmetic comparisons;TP;TP;TP;0.95;1054;277;1331;10000;GPT-3.5
Spotify_getAlbumTracks;41;daikon.inv.binary.twoScalar.IntNonEqual;Arithmetic comparisons;Spotify_getAlbumTracks-daikon.inv.binary.twoScalar.IntNonEqual;Spotify_getAlbumTracks-Arithmetic comparisons;FP;TP;FP;0.95;730;241;971;100;GPT-3.5
Spotify_getAlbumTracks;42;daikon.inv.binary.twoScalar.IntNonEqual;Arithmetic comparisons;Spotify_getAlbumTracks-daikon.inv.binary.twoScalar.IntNonEqual;Spotify_getAlbumTracks-Arithmetic comparisons;FP;TP;FP;0.9;1042;216;1258;50;GPT-3.5
Spotify_getAlbumTracks;43;daikon.inv.binary.twoScalar.IntGreaterEqual;Arithmetic comparisons;Spotify_getAlbumTracks-daikon.inv.binary.twoScalar.IntGreaterEqual;Spotify_getAlbumTracks-Arithmetic comparisons;TP;TP;TP;0.9;1047;285;1332;10000;GPT-3.5
Spotify_getAlbumTracks;44;daikon.inv.binary.twoScalar.IntNonEqual;Arithmetic comparisons;Spotify_getAlbumTracks-daikon.inv.binary.twoScalar.IntNonEqual;Spotify_getAlbumTracks-Arithmetic comparisons;FP;TP;FP;0.9;732;201;933;100;GPT-3.5
Spotify_getAlbumTracks;45;daikon.inv.binary.twoScalar.IntGreaterEqual;Arithmetic comparisons;Spotify_getAlbumTracks-daikon.inv.binary.twoScalar.IntGreaterEqual;Spotify_getAlbumTracks-Arithmetic comparisons;TP;TP;TP;0.9;1038;263;1301;10000;GPT-3.5
Spotify_getAlbumTracks;46;daikon.inv.unary.string.FixedLengthString;Specific formats;Spotify_getAlbumTracks-daikon.inv.unary.string.FixedLengthString;Spotify_getAlbumTracks-Specific formats;TP;TP;TP;0.95;844;204;1048;10000;GPT-3.5
Spotify_getAlbumTracks;47;daikon.inv.unary.string.IsUrl;Specific formats;Spotify_getAlbumTracks-daikon.inv.unary.string.IsUrl;Spotify_getAlbumTracks-Specific formats;TP;TP;TP;0.9;839;232;1071;10000;GPT-3.5
Spotify_getAlbumTracks;48;daikon.inv.unary.string.FixedLengthString;Specific formats;Spotify_getAlbumTracks-daikon.inv.unary.string.FixedLengthString;Spotify_getAlbumTracks-Specific formats;TP;TP;TP;0.95;842;173;1015;10000;GPT-3.5
Spotify_getAlbumTracks;49;daikon.inv.unary.string.FixedLengthString;Specific formats;Spotify_getAlbumTracks-daikon.inv.unary.string.FixedLengthString;Spotify_getAlbumTracks-Specific formats;TP;TP;TP;0.9;737;214;951;10000;GPT-3.5
Spotify_getAlbumTracks;50;daikon.inv.unary.string.FixedLengthString;Specific formats;Spotify_getAlbumTracks-daikon.inv.unary.string.FixedLengthString;Spotify_getAlbumTracks-Specific formats;TP;TP;TP;0.9;862;255;1117;10000;GPT-3.5
Spotify_getAlbumTracks;51;daikon.inv.binary.twoString.StdString$SubString;String comparisons;Spotify_getAlbumTracks-daikon.inv.binary.twoString.StdString$SubString;Spotify_getAlbumTracks-String comparisons;TP;TP;TP;0.9;1039;262;1301;10000;GPT-3.5
Spotify_getAlbumTracks;52;daikon.inv.binary.twoString.StdString$SubString;String comparisons;Spotify_getAlbumTracks-daikon.inv.binary.twoString.StdString$SubString;Spotify_getAlbumTracks-String comparisons;TP;TP;TP;0.9;964;285;1249;10000;GPT-3.5
Spotify_getAlbumTracks;53;daikon.inv.binary.twoString.StdString$SubString;String comparisons;Spotify_getAlbumTracks-daikon.inv.binary.twoString.StdString$SubString;Spotify_getAlbumTracks-String comparisons;TP;TP;TP;0.9;1000;203;1203;10000;GPT-3.5
Spotify_getAlbumTracks;54;daikon.inv.binary.twoString.StdString$SubString;String comparisons;Spotify_getAlbumTracks-daikon.inv.binary.twoString.StdString$SubString;Spotify_getAlbumTracks-String comparisons;TP;TP;TP;0.95;930;249;1179;10000;GPT-3.5
Spotify_getAlbumTracks;55;daikon.inv.unary.stringsequence.SequenceFixedLengthString;Specific formats;Spotify_getAlbumTracks-daikon.inv.unary.stringsequence.SequenceFixedLengthString;Spotify_getAlbumTracks-Specific formats;TP;TP;TP;0.9;745;239;984;10000;GPT-3.5
Spotify_getAlbumTracks;56;daikon.inv.unary.string.FixedLengthString;Specific formats;Spotify_getAlbumTracks-daikon.inv.unary.string.FixedLengthString;Spotify_getAlbumTracks-Specific formats;TP;TP;TP;0.95;833;238;1071;10000;GPT-3.5
Spotify_getAlbumTracks;57;daikon.inv.unary.string.IsUrl;Specific formats;Spotify_getAlbumTracks-daikon.inv.unary.string.IsUrl;Spotify_getAlbumTracks-Specific formats;TP;TP;TP;0.95;828;202;1030;10000;GPT-3.5
Spotify_getAlbumTracks;58;daikon.inv.unary.string.FixedLengthString;Specific formats;Spotify_getAlbumTracks-daikon.inv.unary.string.FixedLengthString;Spotify_getAlbumTracks-Specific formats;TP;TP;TP;0.95;791;224;1015;10000;GPT-3.5
Spotify_getAlbumTracks;59;daikon.inv.unary.string.FixedLengthString;Specific formats;Spotify_getAlbumTracks-daikon.inv.unary.string.FixedLengthString;Spotify_getAlbumTracks-Specific formats;TP;FP;FN;1.0;850;220;1070;10000;GPT-3.5
Spotify_getAlbumTracks;60;daikon.inv.unary.string.IsUrl;Specific formats;Spotify_getAlbumTracks-daikon.inv.unary.string.IsUrl;Spotify_getAlbumTracks-Specific formats;TP;TP;TP;0.9;845;191;1036;10000;GPT-3.5
Spotify_getAlbumTracks;61;daikon.inv.unary.string.FixedLengthString;Specific formats;Spotify_getAlbumTracks-daikon.inv.unary.string.FixedLengthString;Spotify_getAlbumTracks-Specific formats;TP;TP;TP;0.95;859;258;1117;10000;GPT-3.5
Spotify_getAlbumTracks;62;daikon.inv.unary.string.FixedLengthString;Specific formats;Spotify_getAlbumTracks-daikon.inv.unary.string.FixedLengthString;Spotify_getAlbumTracks-Specific formats;TP;FP;FN;0.9;755;216;971;10000;GPT-3.5
Spotify_getAlbumTracks;63;daikon.inv.unary.string.FixedLengthString;Specific formats;Spotify_getAlbumTracks-daikon.inv.unary.string.FixedLengthString;Spotify_getAlbumTracks-Specific formats;TP;TP;TP;0.9;882;229;1111;10000;GPT-3.5
Spotify_getAlbumTracks;64;daikon.inv.unary.string.FixedLengthString;Specific formats;Spotify_getAlbumTracks-daikon.inv.unary.string.FixedLengthString;Spotify_getAlbumTracks-Specific formats;TP;TP;TP;0.95;994;287;1281;10000;GPT-3.5
Spotify_getAlbumTracks;65;daikon.inv.unary.string.IsUrl;Specific formats;Spotify_getAlbumTracks-daikon.inv.unary.string.IsUrl;Spotify_getAlbumTracks-Specific formats;TP;TP;TP;0.9;989;229;1218;10000;GPT-3.5
Spotify_getAlbumTracks;66;daikon.inv.unary.string.FixedLengthString;Specific formats;Spotify_getAlbumTracks-daikon.inv.unary.string.FixedLengthString;Spotify_getAlbumTracks-Specific formats;FP;FP;TN;0.9;701;258;959;100;GPT-3.5
Spotify_getAlbumTracks;67;daikon.inv.unary.string.FixedLengthString;Specific formats;Spotify_getAlbumTracks-daikon.inv.unary.string.FixedLengthString;Spotify_getAlbumTracks-Specific formats;TP;TP;TP;0.9;697;219;916;10000;GPT-3.5
Spotify_getAlbumTracks;68;daikon.inv.unary.string.FixedLengthString;Specific formats;Spotify_getAlbumTracks-daikon.inv.unary.string.FixedLengthString;Spotify_getAlbumTracks-Specific formats;TP;TP;TP;0.95;816;194;1010;10000;GPT-3.5
Spotify_getAlbumTracks;69;daikon.inv.binary.twoString.StdString$SubString;String comparisons;Spotify_getAlbumTracks-daikon.inv.binary.twoString.StdString$SubString;Spotify_getAlbumTracks-String comparisons;TP;TP;TP;0.95;975;309;1284;10000;GPT-3.5
Spotify_getAlbumTracks;70;daikon.inv.binary.twoString.StdString$SubString;String comparisons;Spotify_getAlbumTracks-daikon.inv.binary.twoString.StdString$SubString;Spotify_getAlbumTracks-String comparisons;TP;TP;TP;0.9;981;243;1224;10000;GPT-3.5
Spotify_getAlbumTracks;71;daikon.inv.binary.twoString.StdString$SubString;String comparisons;Spotify_getAlbumTracks-daikon.inv.binary.twoString.StdString$SubString;Spotify_getAlbumTracks-String comparisons;TP;TP;TP;0.9;902;180;1082;10000;GPT-3.5
Spotify_getAlbumTracks;72;daikon.inv.binary.twoString.StdString$SubString;String comparisons;Spotify_getAlbumTracks-daikon.inv.binary.twoString.StdString$SubString;Spotify_getAlbumTracks-String comparisons;TP;TP;TP;0.9;940;223;1163;10000;GPT-3.5
Spotify_getAlbumTracks;73;daikon.inv.binary.twoString.StdString$SubString;String comparisons;Spotify_getAlbumTracks-daikon.inv.binary.twoString.StdString$SubString;Spotify_getAlbumTracks-String comparisons;TP;TP;TP;0.9;1071;245;1316;10000;GPT-3.5
Spotify_getAlbumTracks;74;daikon.inv.binary.twoString.StdString$SubString;String comparisons;Spotify_getAlbumTracks-daikon.inv.binary.twoString.StdString$SubString;Spotify_getAlbumTracks-String comparisons;TP;TP;TP;0.9;993;244;1237;10000;GPT-3.5
Spotify_getAlbumTracks;75;daikon.inv.binary.twoString.StdString$SubString;String comparisons;Spotify_getAlbumTracks-daikon.inv.binary.twoString.StdString$SubString;Spotify_getAlbumTracks-String comparisons;TP;TP;TP;0.9;919;205;1124;10000;GPT-3.5
Spotify_getAlbumTracks;76;daikon.inv.binary.twoString.StdString$SubString;String comparisons;Spotify_getAlbumTracks-daikon.inv.binary.twoString.StdString$SubString;Spotify_getAlbumTracks-String comparisons;TP;TP;TP;0.95;1040;227;1267;10000;GPT-3.5
Spotify_getAlbumTracks;77;daikon.inv.binary.twoString.StdString$SubString;String comparisons;Spotify_getAlbumTracks-daikon.inv.binary.twoString.StdString$SubString;Spotify_getAlbumTracks-String comparisons;TP;TP;TP;0.95;957;309;1266;10000;GPT-3.5
Spotify_getAlbumTracks;78;daikon.inv.binary.twoString.StdString$SubString;String comparisons;Spotify_getAlbumTracks-daikon.inv.binary.twoString.StdString$SubString;Spotify_getAlbumTracks-String comparisons;TP;TP;TP;0.95;940;260;1200;10000;GPT-3.5
Spotify_getAlbumTracks;79;daikon.inv.binary.twoString.StdString$SubString;String comparisons;Spotify_getAlbumTracks-daikon.inv.binary.twoString.StdString$SubString;Spotify_getAlbumTracks-String comparisons;TP;TP;TP;0.9;938;253;1191;10000;GPT-3.5
Spotify_getAlbumTracks;80;daikon.inv.binary.twoString.StdString$SubString;String comparisons;Spotify_getAlbumTracks-daikon.inv.binary.twoString.StdString$SubString;Spotify_getAlbumTracks-String comparisons;TP;TP;TP;0.9;866;209;1075;10000;GPT-3.5
Spotify_getAlbumTracks;81;daikon.inv.unary.string.IsUrl;Specific formats;Spotify_getAlbumTracks-daikon.inv.unary.string.IsUrl;Spotify_getAlbumTracks-Specific formats;TP;TP;TP;0.9;847;165;1012;10000;GPT-3.5
Spotify_getAlbumTracks;82;daikon.inv.unary.string.IsUrl;Specific formats;Spotify_getAlbumTracks-daikon.inv.unary.string.IsUrl;Spotify_getAlbumTracks-Specific formats;TP;TP;TP;0.9;855;240;1095;10000;GPT-3.5
Spotify_getAlbumTracks;83;daikon.inv.unary.string.IsUrl;Specific formats;Spotify_getAlbumTracks-daikon.inv.unary.string.IsUrl;Spotify_getAlbumTracks-Specific formats;TP;TP;TP;0.95;876;198;1074;10000;GPT-3.5
Spotify_getAlbumTracks;84;daikon.inv.binary.twoString.StdString$SubString;String comparisons;Spotify_getAlbumTracks-daikon.inv.binary.twoString.StdString$SubString;Spotify_getAlbumTracks-String comparisons;TP;TP;TP;0.95;1010;243;1253;10000;GPT-3.5
Spotify_getAlbumTracks;85;daikon.inv.binary.twoString.StdString$SubString;String comparisons;Spotify_getAlbumTracks-daikon.inv.binary.twoString.StdString$SubString;Spotify_getAlbumTracks-String comparisons;TP;TP;TP;0.9;1008;274;1282;10000;GPT-3.5
Spotify_getAlbumTracks;86;daikon.inv.binary.twoString.StdString$SubString;String comparisons;Spotify_getAlbumTracks-daikon.inv.binary.twoString.StdString$SubString;Spotify_getAlbumTracks-String comparisons;TP;TP;TP;0.95;1019;258;1277;10000;GPT-3.5
Spotify_getAlbumTracks;87;daikon.inv.binary.twoString.StdString$SubString;String comparisons;Spotify_getAlbumTracks-daikon.inv.binary.twoString.StdString$SubString;Spotify_getAlbumTracks-String comparisons;TP;TP;TP;0.95;950;224;1174;10000;GPT-3.5
Spotify_getAlbumTracks;88;daikon.inv.binary.twoString.StdString$SubString;String comparisons;Spotify_getAlbumTracks-daikon.inv.binary.twoString.StdString$SubString;Spotify_getAlbumTracks-String comparisons;TP;TP;TP;0.9;942;219;1161;10000;GPT-3.5
Spotify_getAlbumTracks;89;daikon.inv.binary.twoString.StdString$SubString;String comparisons;Spotify_getAlbumTracks-daikon.inv.binary.twoString.StdString$SubString;Spotify_getAlbumTracks-String comparisons;TP;TP;TP;0.9;942;292;1234;10000;GPT-3.5
Spotify_getAlbumTracks;90;daikon.inv.binary.twoScalar.IntNonEqual;Arithmetic comparisons;Spotify_getAlbumTracks-daikon.inv.binary.twoScalar.IntNonEqual;Spotify_getAlbumTracks-Arithmetic comparisons;FP;FP;TN;0.9;827;226;1053;100;GPT-3.5
Spotify_getAlbumTracks;91;daikon.inv.binary.twoScalar.IntGreaterEqual;Arithmetic comparisons;Spotify_getAlbumTracks-daikon.inv.binary.twoScalar.IntGreaterEqual;Spotify_getAlbumTracks-Arithmetic comparisons;FP;TP;FP;0.9;829;288;1117;100;GPT-3.5
Spotify_getAlbumTracks;92;daikon.inv.unary.string.OneOfString;Specific values;Spotify_getAlbumTracks-daikon.inv.unary.string.OneOfString;Spotify_getAlbumTracks-Specific values;FP;TP;FP;0.9;745;219;964;10000;GPT-3.5
Spotify_getAlbumTracks;93;daikon.inv.unary.scalar.NonZero;Arithmetic comparisons;Spotify_getAlbumTracks-daikon.inv.unary.scalar.NonZero;Spotify_getAlbumTracks-Arithmetic comparisons;FP;TP;FP;0.9;737;250;987;10000;GPT-3.5
Spotify_getAlbumTracks;94;daikon.inv.binary.twoScalar.IntGreaterEqual;Arithmetic comparisons;Spotify_getAlbumTracks-daikon.inv.binary.twoScalar.IntGreaterEqual;Spotify_getAlbumTracks-Arithmetic comparisons;FP;TP;FP;0.9;796;230;1026;1000;GPT-3.5
Spotify_getAlbumTracks;95;daikon.inv.binary.twoScalar.IntNonEqual;Arithmetic comparisons;Spotify_getAlbumTracks-daikon.inv.binary.twoScalar.IntNonEqual;Spotify_getAlbumTracks-Arithmetic comparisons;FP;TP;FP;0.95;833;289;1122;10000;GPT-3.5
Spotify_getAlbumTracks;96;daikon.inv.binary.twoScalar.IntNonEqual;Arithmetic comparisons;Spotify_getAlbumTracks-daikon.inv.binary.twoScalar.IntNonEqual;Spotify_getAlbumTracks-Arithmetic comparisons;FP;FP;TN;0.9;835;292;1127;10000;GPT-3.5
Spotify_getAlbumTracks;97;daikon.inv.binary.twoScalar.IntNonEqual;Arithmetic comparisons;Spotify_getAlbumTracks-daikon.inv.binary.twoScalar.IntNonEqual;Spotify_getAlbumTracks-Arithmetic comparisons;FP;FP;TN;0.9;822;273;1095;10000;GPT-3.5
Spotify_getAlbumTracks;98;daikon.inv.binary.twoScalar.IntNonEqual;Arithmetic comparisons;Spotify_getAlbumTracks-daikon.inv.binary.twoScalar.IntNonEqual;Spotify_getAlbumTracks-Arithmetic comparisons;FP;TP;FP;0.9;762;239;1001;1000;GPT-3.5
Spotify_getAlbumTracks;99;daikon.inv.binary.twoScalar.IntNonEqual;Arithmetic comparisons;Spotify_getAlbumTracks-daikon.inv.binary.twoScalar.IntNonEqual;Spotify_getAlbumTracks-Arithmetic comparisons;FP;TP;FP;0.9;768;248;1016;10000;GPT-3.5
Spotify_getAlbumTracks;100;daikon.inv.binary.twoScalar.IntNonEqual;Arithmetic comparisons;Spotify_getAlbumTracks-daikon.inv.binary.twoScalar.IntNonEqual;Spotify_getAlbumTracks-Arithmetic comparisons;FP;FP;TN;0.9;845;266;1111;10000;GPT-3.5
Spotify_getAlbumTracks;101;daikon.inv.binary.twoScalar.IntNonEqual;Arithmetic comparisons;Spotify_getAlbumTracks-daikon.inv.binary.twoScalar.IntNonEqual;Spotify_getAlbumTracks-Arithmetic comparisons;FP;FP;TN;0.9;849;261;1110;10000;GPT-3.5
Spotify_getAlbumTracks;102;daikon.inv.unary.scalar.LowerBound;Specific values;Spotify_getAlbumTracks-daikon.inv.unary.scalar.LowerBound;Spotify_getAlbumTracks-Specific values;TP;TP;TP;0.95;690;243;933;10000;GPT-3.5
GitHub_createOrganizationRepository;0;daikon.inv.binary.twoString.StringEqual;String comparisons;GitHub_createOrganizationRepository-daikon.inv.binary.twoString.StringEqual;GitHub_createOrganizationRepository-String comparisons;TP;TP;TP;0.9;999;231;1230;10000;GPT-3.5
GitHub_createOrganizationRepository;1;daikon.inv.binary.twoString.StringEqual;String comparisons;GitHub_createOrganizationRepository-daikon.inv.binary.twoString.StringEqual;GitHub_createOrganizationRepository-String comparisons;TP;TP;TP;0.95;989;208;1197;10000;GPT-3.5
GitHub_createOrganizationRepository;2;daikon.inv.binary.twoString.StringEqual;String comparisons;GitHub_createOrganizationRepository-daikon.inv.binary.twoString.StringEqual;GitHub_createOrganizationRepository-String comparisons;TP;TP;TP;0.95;1000;260;1260;10000;GPT-3.5
GitHub_createOrganizationRepository;3;daikon.inv.binary.twoString.StringEqual;String comparisons;GitHub_createOrganizationRepository-daikon.inv.binary.twoString.StringEqual;GitHub_createOrganizationRepository-String comparisons;TP;TP;TP;0.9;1082;268;1350;10000;GPT-3.5
GitHub_createOrganizationRepository;4;daikon.inv.binary.twoString.StringEqual;String comparisons;GitHub_createOrganizationRepository-daikon.inv.binary.twoString.StringEqual;GitHub_createOrganizationRepository-String comparisons;TP;TP;TP;0.9;1051;205;1256;10000;GPT-3.5
GitHub_createOrganizationRepository;5;daikon.inv.binary.twoScalar.IntEqual;Arithmetic comparisons;GitHub_createOrganizationRepository-daikon.inv.binary.twoScalar.IntEqual;GitHub_createOrganizationRepository-Arithmetic comparisons;TP;TP;TP;0.9;921;264;1185;10000;GPT-3.5
GitHub_createOrganizationRepository;6;daikon.inv.binary.twoScalar.IntEqual;Arithmetic comparisons;GitHub_createOrganizationRepository-daikon.inv.binary.twoScalar.IntEqual;GitHub_createOrganizationRepository-Arithmetic comparisons;TP;TP;TP;0.9;958;213;1171;10000;GPT-3.5
GitHub_createOrganizationRepository;7;daikon.inv.binary.twoScalar.IntEqual;Arithmetic comparisons;GitHub_createOrganizationRepository-daikon.inv.binary.twoScalar.IntEqual;GitHub_createOrganizationRepository-Arithmetic comparisons;TP;TP;TP;0.9;931;237;1168;10000;GPT-3.5
GitHub_createOrganizationRepository;8;daikon.inv.binary.twoScalar.IntEqual;Arithmetic comparisons;GitHub_createOrganizationRepository-daikon.inv.binary.twoScalar.IntEqual;GitHub_createOrganizationRepository-Arithmetic comparisons;TP;TP;TP;0.9;935;237;1172;10000;GPT-3.5
GitHub_createOrganizationRepository;9;daikon.inv.binary.twoString.StringEqual;String comparisons;GitHub_createOrganizationRepository-daikon.inv.binary.twoString.StringEqual;GitHub_createOrganizationRepository-String comparisons;TP;TP;TP;0.95;1062;301;1363;100;GPT-3.5
GitHub_createOrganizationRepository;10;daikon.inv.binary.twoScalar.IntEqual;Arithmetic comparisons;GitHub_createOrganizationRepository-daikon.inv.binary.twoScalar.IntEqual;GitHub_createOrganizationRepository-Arithmetic comparisons;TP;TP;TP;0.95;955;293;1248;10000;GPT-3.5
GitHub_createOrganizationRepository;11;daikon.inv.binary.twoScalar.IntEqual;Arithmetic comparisons;GitHub_createOrganizationRepository-daikon.inv.binary.twoScalar.IntEqual;GitHub_createOrganizationRepository-Arithmetic comparisons;TP;TP;TP;0.9;942;199;1141;10000;GPT-3.5
GitHub_createOrganizationRepository;12;daikon.inv.binary.twoScalar.IntEqual;Arithmetic comparisons;GitHub_createOrganizationRepository-daikon.inv.binary.twoScalar.IntEqual;GitHub_createOrganizationRepository-Arithmetic comparisons;TP;TP;TP;0.9;950;217;1167;10000;GPT-3.5
GitHub_createOrganizationRepository;13;daikon.inv.binary.twoScalar.IntEqual;Arithmetic comparisons;GitHub_createOrganizationRepository-daikon.inv.binary.twoScalar.IntEqual;GitHub_createOrganizationRepository-Arithmetic comparisons;TP;TP;TP;0.9;950;250;1200;10000;GPT-3.5
GitHub_createOrganizationRepository;14;daikon.inv.binary.twoString.StringEqual;String comparisons;GitHub_createOrganizationRepository-daikon.inv.binary.twoString.StringEqual;GitHub_createOrganizationRepository-String comparisons;TP;TP;TP;0.9;929;297;1226;10000;GPT-3.5
GitHub_createOrganizationRepository;15;daikon.inv.binary.twoString.StringEqual;String comparisons;GitHub_createOrganizationRepository-daikon.inv.binary.twoString.StringEqual;GitHub_createOrganizationRepository-String comparisons;TP;TP;TP;0.9;947;320;1267;10000;GPT-3.5
GitHub_createOrganizationRepository;16;daikon.inv.binary.twoString.StringEqual;String comparisons;GitHub_createOrganizationRepository-daikon.inv.binary.twoString.StringEqual;GitHub_createOrganizationRepository-String comparisons;TP;TP;TP;0.9;905;232;1137;10000;GPT-3.5
GitHub_createOrganizationRepository;17;daikon.inv.binary.twoString.StringEqual;String comparisons;GitHub_createOrganizationRepository-daikon.inv.binary.twoString.StringEqual;GitHub_createOrganizationRepository-String comparisons;TP;TP;TP;0.9;919;247;1166;10000;GPT-3.5
GitHub_createOrganizationRepository;18;daikon.inv.binary.twoScalar.IntEqual;Arithmetic comparisons;GitHub_createOrganizationRepository-daikon.inv.binary.twoScalar.IntEqual;GitHub_createOrganizationRepository-Arithmetic comparisons;TP;TP;TP;0.9;885;173;1058;10000;GPT-3.5
GitHub_createOrganizationRepository;19;daikon.inv.binary.twoScalar.IntEqual;Arithmetic comparisons;GitHub_createOrganizationRepository-daikon.inv.binary.twoScalar.IntEqual;GitHub_createOrganizationRepository-Arithmetic comparisons;TP;FP;FN;0.9;889;236;1125;10000;GPT-3.5
GitHub_createOrganizationRepository;20;daikon.inv.binary.twoScalar.IntEqual;Arithmetic comparisons;GitHub_createOrganizationRepository-daikon.inv.binary.twoScalar.IntEqual;GitHub_createOrganizationRepository-Arithmetic comparisons;TP;FP;FN;0.9;885;256;1141;10000;GPT-3.5
GitHub_createOrganizationRepository;21;daikon.inv.binary.twoScalar.IntEqual;Arithmetic comparisons;GitHub_createOrganizationRepository-daikon.inv.binary.twoScalar.IntEqual;GitHub_createOrganizationRepository-Arithmetic comparisons;TP;FP;FN;0.9;880;254;1134;10000;GPT-3.5
GitHub_createOrganizationRepository;22;daikon.inv.binary.twoScalar.IntEqual;Arithmetic comparisons;GitHub_createOrganizationRepository-daikon.inv.binary.twoScalar.IntEqual;GitHub_createOrganizationRepository-Arithmetic comparisons;TP;FP;FN;0.9;886;239;1125;10000;GPT-3.5
GitHub_createOrganizationRepository;23;daikon.inv.binary.twoScalar.IntEqual;Arithmetic comparisons;GitHub_createOrganizationRepository-daikon.inv.binary.twoScalar.IntEqual;GitHub_createOrganizationRepository-Arithmetic comparisons;TP;FP;FN;1.0;879;214;1093;10000;GPT-3.5
GitHub_createOrganizationRepository;24;daikon.inv.binary.twoScalar.IntEqual;Arithmetic comparisons;GitHub_createOrganizationRepository-daikon.inv.binary.twoScalar.IntEqual;GitHub_createOrganizationRepository-Arithmetic comparisons;TP;FP;FN;0.9;877;251;1128;10000;GPT-3.5
GitHub_createOrganizationRepository;25;daikon.inv.binary.twoScalar.IntEqual;Arithmetic comparisons;GitHub_createOrganizationRepository-daikon.inv.binary.twoScalar.IntEqual;GitHub_createOrganizationRepository-Arithmetic comparisons;TP;TP;TP;0.9;877;246;1123;10000;GPT-3.5
GitHub_createOrganizationRepository;26;daikon.inv.binary.twoScalar.IntEqual;Arithmetic comparisons;GitHub_createOrganizationRepository-daikon.inv.binary.twoScalar.IntEqual;GitHub_createOrganizationRepository-Arithmetic comparisons;TP;TP;TP;0.95;876;285;1161;10000;GPT-3.5
GitHub_createOrganizationRepository;27;daikon.inv.binary.twoScalar.IntEqual;Arithmetic comparisons;GitHub_createOrganizationRepository-daikon.inv.binary.twoScalar.IntEqual;GitHub_createOrganizationRepository-Arithmetic comparisons;TP;FP;FN;0.9;845;267;1112;10000;GPT-3.5
GitHub_createOrganizationRepository;28;daikon.inv.binary.twoScalar.IntEqual;Arithmetic comparisons;GitHub_createOrganizationRepository-daikon.inv.binary.twoScalar.IntEqual;GitHub_createOrganizationRepository-Arithmetic comparisons;TP;FP;FN;0.9;902;208;1110;10000;GPT-3.5
GitHub_createOrganizationRepository;29;daikon.inv.binary.twoScalar.IntEqual;Arithmetic comparisons;GitHub_createOrganizationRepository-daikon.inv.binary.twoScalar.IntEqual;GitHub_createOrganizationRepository-Arithmetic comparisons;TP;FP;FN;0.6;902;211;1113;10000;GPT-3.5
GitHub_createOrganizationRepository;30;daikon.inv.binary.twoScalar.IntEqual;Arithmetic comparisons;GitHub_createOrganizationRepository-daikon.inv.binary.twoScalar.IntEqual;GitHub_createOrganizationRepository-Arithmetic comparisons;TP;TP;TP;0.9;905;241;1146;10000;GPT-3.5
GitHub_createOrganizationRepository;31;daikon.inv.binary.twoScalar.IntEqual;Arithmetic comparisons;GitHub_createOrganizationRepository-daikon.inv.binary.twoScalar.IntEqual;GitHub_createOrganizationRepository-Arithmetic comparisons;TP;TP;TP;0.9;902;221;1123;10000;GPT-3.5
GitHub_createOrganizationRepository;32;daikon.inv.binary.twoScalar.IntEqual;Arithmetic comparisons;GitHub_createOrganizationRepository-daikon.inv.binary.twoScalar.IntEqual;GitHub_createOrganizationRepository-Arithmetic comparisons;TP;FP;FN;0.9;906;211;1117;10000;GPT-3.5
GitHub_createOrganizationRepository;33;daikon.inv.binary.twoScalar.IntEqual;Arithmetic comparisons;GitHub_createOrganizationRepository-daikon.inv.binary.twoScalar.IntEqual;GitHub_createOrganizationRepository-Arithmetic comparisons;TP;FP;FN;0.9;949;208;1157;10000;GPT-3.5
GitHub_createOrganizationRepository;34;daikon.inv.binary.twoString.StringEqual;String comparisons;GitHub_createOrganizationRepository-daikon.inv.binary.twoString.StringEqual;GitHub_createOrganizationRepository-String comparisons;TP;TP;TP;0.9;1019;220;1239;10000;GPT-3.5
GitHub_createOrganizationRepository;35;daikon.inv.binary.twoString.StringEqual;String comparisons;GitHub_createOrganizationRepository-daikon.inv.binary.twoString.StringEqual;GitHub_createOrganizationRepository-String comparisons;TP;TP;TP;0.9;1115;247;1362;10000;GPT-3.5
GitHub_createOrganizationRepository;36;daikon.inv.binary.twoString.StringEqual;String comparisons;GitHub_createOrganizationRepository-daikon.inv.binary.twoString.StringEqual;GitHub_createOrganizationRepository-String comparisons;TP;FP;FN;0.9;963;224;1187;10000;GPT-3.5
GitHub_createOrganizationRepository;37;daikon.inv.binary.twoString.StringEqual;String comparisons;GitHub_createOrganizationRepository-daikon.inv.binary.twoString.StringEqual;GitHub_createOrganizationRepository-String comparisons;TP;FP;FN;0.8;1037;265;1302;10000;GPT-3.5
GitHub_createOrganizationRepository;38;daikon.inv.binary.twoString.StringEqual;String comparisons;GitHub_createOrganizationRepository-daikon.inv.binary.twoString.StringEqual;GitHub_createOrganizationRepository-String comparisons;TP;TP;TP;0.9;1022;237;1259;10000;GPT-3.5
GitHub_createOrganizationRepository;39;daikon.inv.binary.twoString.StringEqual;String comparisons;GitHub_createOrganizationRepository-daikon.inv.binary.twoString.StringEqual;GitHub_createOrganizationRepository-String comparisons;TP;TP;TP;0.9;1149;280;1429;10000;GPT-3.5
GitHub_createOrganizationRepository;40;daikon.inv.binary.twoString.StringEqual;String comparisons;GitHub_createOrganizationRepository-daikon.inv.binary.twoString.StringEqual;GitHub_createOrganizationRepository-String comparisons;TP;TP;TP;0.9;1133;286;1419;10000;GPT-3.5
GitHub_createOrganizationRepository;41;daikon.inv.binary.twoString.StringEqual;String comparisons;GitHub_createOrganizationRepository-daikon.inv.binary.twoString.StringEqual;GitHub_createOrganizationRepository-String comparisons;TP;TP;TP;0.95;1185;233;1418;10000;GPT-3.5
GitHub_createOrganizationRepository;42;daikon.inv.binary.twoString.StringEqual;String comparisons;GitHub_createOrganizationRepository-daikon.inv.binary.twoString.StringEqual;GitHub_createOrganizationRepository-String comparisons;TP;TP;TP;0.9;1197;229;1426;10000;GPT-3.5
GitHub_createOrganizationRepository;43;daikon.inv.binary.twoString.StringEqual;String comparisons;GitHub_createOrganizationRepository-daikon.inv.binary.twoString.StringEqual;GitHub_createOrganizationRepository-String comparisons;TP;TP;TP;0.95;1125;211;1336;10000;GPT-3.5
GitHub_createOrganizationRepository;44;daikon.inv.binary.twoString.StringEqual;String comparisons;GitHub_createOrganizationRepository-daikon.inv.binary.twoString.StringEqual;GitHub_createOrganizationRepository-String comparisons;TP;TP;TP;0.95;1141;280;1421;10000;GPT-3.5
GitHub_createOrganizationRepository;45;daikon.inv.binary.twoString.StringEqual;String comparisons;GitHub_createOrganizationRepository-daikon.inv.binary.twoString.StringEqual;GitHub_createOrganizationRepository-String comparisons;TP;TP;TP;0.9;1135;227;1362;10000;GPT-3.5
GitHub_createOrganizationRepository;46;daikon.inv.binary.twoString.StringEqual;String comparisons;GitHub_createOrganizationRepository-daikon.inv.binary.twoString.StringEqual;GitHub_createOrganizationRepository-String comparisons;TP;TP;TP;0.95;1079;237;1316;10000;GPT-3.5
GitHub_createOrganizationRepository;47;daikon.inv.binary.twoString.StringEqual;String comparisons;GitHub_createOrganizationRepository-daikon.inv.binary.twoString.StringEqual;GitHub_createOrganizationRepository-String comparisons;TP;TP;TP;0.95;1163;252;1415;10000;GPT-3.5
GitHub_createOrganizationRepository;48;daikon.inv.binary.twoString.StringEqual;String comparisons;GitHub_createOrganizationRepository-daikon.inv.binary.twoString.StringEqual;GitHub_createOrganizationRepository-String comparisons;TP;FP;FN;0.8;920;212;1132;10000;GPT-3.5
GitHub_createOrganizationRepository;49;daikon.inv.binary.twoScalar.IntEqual;Arithmetic comparisons;GitHub_createOrganizationRepository-daikon.inv.binary.twoScalar.IntEqual;GitHub_createOrganizationRepository-Arithmetic comparisons;TP;FP;FN;0.8;894;205;1099;10000;GPT-3.5
GitHub_createOrganizationRepository;50;daikon.inv.binary.twoScalar.IntEqual;Arithmetic comparisons;GitHub_createOrganizationRepository-daikon.inv.binary.twoScalar.IntEqual;GitHub_createOrganizationRepository-Arithmetic comparisons;TP;FP;FN;0.9;894;257;1151;10000;GPT-3.5
GitHub_createOrganizationRepository;51;daikon.inv.binary.twoString.StringEqual;String comparisons;GitHub_createOrganizationRepository-daikon.inv.binary.twoString.StringEqual;GitHub_createOrganizationRepository-String comparisons;TP;TP;TP;0.9;1115;261;1376;10000;GPT-3.5
GitHub_createOrganizationRepository;52;daikon.inv.binary.twoScalar.IntEqual;Arithmetic comparisons;GitHub_createOrganizationRepository-daikon.inv.binary.twoScalar.IntEqual;GitHub_createOrganizationRepository-Arithmetic comparisons;TP;TP;TP;0.9;875;257;1132;10000;GPT-3.5
GitHub_createOrganizationRepository;53;daikon.inv.binary.twoScalar.IntEqual;Arithmetic comparisons;GitHub_createOrganizationRepository-daikon.inv.binary.twoScalar.IntEqual;GitHub_createOrganizationRepository-Arithmetic comparisons;TP;FP;FN;1.0;883;240;1123;10000;GPT-3.5
GitHub_createOrganizationRepository;54;daikon.inv.binary.twoScalar.IntEqual;Arithmetic comparisons;GitHub_createOrganizationRepository-daikon.inv.binary.twoScalar.IntEqual;GitHub_createOrganizationRepository-Arithmetic comparisons;TP;FP;FN;0.9;883;256;1139;10000;GPT-3.5
GitHub_createOrganizationRepository;55;daikon.inv.binary.twoScalar.IntEqual;Arithmetic comparisons;GitHub_createOrganizationRepository-daikon.inv.binary.twoScalar.IntEqual;GitHub_createOrganizationRepository-Arithmetic comparisons;TP;FP;FN;1.0;878;210;1088;10000;GPT-3.5
GitHub_createOrganizationRepository;56;daikon.inv.binary.twoScalar.IntEqual;Arithmetic comparisons;GitHub_createOrganizationRepository-daikon.inv.binary.twoScalar.IntEqual;GitHub_createOrganizationRepository-Arithmetic comparisons;TP;FP;FN;0.9;884;303;1187;10000;GPT-3.5
GitHub_createOrganizationRepository;57;daikon.inv.binary.twoString.StringEqual;String comparisons;GitHub_createOrganizationRepository-daikon.inv.binary.twoString.StringEqual;GitHub_createOrganizationRepository-String comparisons;FP;TP;FP;0.9;1081;239;1320;100;GPT-3.5
GitHub_createOrganizationRepository;58;daikon.inv.unary.scalar.NonZero;Arithmetic comparisons;GitHub_createOrganizationRepository-daikon.inv.unary.scalar.NonZero;GitHub_createOrganizationRepository-Arithmetic comparisons;TP;TP;TP;0.9;829;226;1055;10000;GPT-3.5
GitHub_createOrganizationRepository;59;daikon.inv.unary.scalar.NonZero;Arithmetic comparisons;GitHub_createOrganizationRepository-daikon.inv.unary.scalar.NonZero;GitHub_createOrganizationRepository-Arithmetic comparisons;TP;FP;FN;0.8;835;263;1098;10000;GPT-3.5
GitHub_createOrganizationRepository;60;daikon.inv.unary.string.OneOfString;Specific values;GitHub_createOrganizationRepository-daikon.inv.unary.string.OneOfString;GitHub_createOrganizationRepository-Specific values;TP;TP;TP;0.9;932;246;1178;10000;GPT-3.5
GitHub_createOrganizationRepository;61;daikon.inv.unary.string.OneOfString;Specific values;GitHub_createOrganizationRepository-daikon.inv.unary.string.OneOfString;GitHub_createOrganizationRepository-Specific values;TP;TP;TP;0.9;912;214;1126;10000;GPT-3.5
GitHub_createOrganizationRepository;62;daikon.inv.unary.scalar.NonZero;Arithmetic comparisons;GitHub_createOrganizationRepository-daikon.inv.unary.scalar.NonZero;GitHub_createOrganizationRepository-Arithmetic comparisons;TP;TP;TP;0.9;835;258;1093;10000;GPT-3.5
GitHub_createOrganizationRepository;63;daikon.inv.unary.scalar.OneOfScalar;Specific values;GitHub_createOrganizationRepository-daikon.inv.unary.scalar.OneOfScalar;GitHub_createOrganizationRepository-Specific values;TP;TP;TP;0.9;888;193;1081;10000;GPT-3.5
GitHub_createOrganizationRepository;64;daikon.inv.unary.string.OneOfString;Specific values;GitHub_createOrganizationRepository-daikon.inv.unary.string.OneOfString;GitHub_createOrganizationRepository-Specific values;TP;TP;TP;0.9;906;201;1107;10000;GPT-3.5
GitHub_createOrganizationRepository;65;daikon.inv.unary.scalar.NonZero;Arithmetic comparisons;GitHub_createOrganizationRepository-daikon.inv.unary.scalar.NonZero;GitHub_createOrganizationRepository-Arithmetic comparisons;TP;TP;TP;0.9;838;187;1025;10000;GPT-3.5
GitHub_createOrganizationRepository;66;daikon.inv.unary.stringsequence.OneOfStringSequence;Specific values;GitHub_createOrganizationRepository-daikon.inv.unary.stringsequence.OneOfStringSequence;GitHub_createOrganizationRepository-Specific values;TP;FP;FN;0.8;864;191;1055;10000;GPT-3.5
GitHub_createOrganizationRepository;67;daikon.inv.unary.scalar.OneOfScalar;Specific values;GitHub_createOrganizationRepository-daikon.inv.unary.scalar.OneOfScalar;GitHub_createOrganizationRepository-Specific values;TP;TP;TP;0.9;905;207;1112;10000;GPT-3.5
GitHub_createOrganizationRepository;68;daikon.inv.unary.scalar.OneOfScalar;Specific values;GitHub_createOrganizationRepository-daikon.inv.unary.scalar.OneOfScalar;GitHub_createOrganizationRepository-Specific values;TP;TP;TP;0.9;855;201;1056;10000;GPT-3.5
GitHub_createOrganizationRepository;69;daikon.inv.unary.scalar.OneOfScalar;Specific values;GitHub_createOrganizationRepository-daikon.inv.unary.scalar.OneOfScalar;GitHub_createOrganizationRepository-Specific values;TP;FP;FN;0.9;861;196;1057;10000;GPT-3.5
GitHub_createOrganizationRepository;70;daikon.inv.unary.scalar.OneOfScalar;Specific values;GitHub_createOrganizationRepository-daikon.inv.unary.scalar.OneOfScalar;GitHub_createOrganizationRepository-Specific values;TP;FP;FN;0.9;864;186;1050;10000;GPT-3.5
GitHub_createOrganizationRepository;71;daikon.inv.unary.scalar.OneOfScalar;Specific values;GitHub_createOrganizationRepository-daikon.inv.unary.scalar.OneOfScalar;GitHub_createOrganizationRepository-Specific values;TP;FP;FN;0.9;855;234;1089;10000;GPT-3.5
GitHub_createOrganizationRepository;72;daikon.inv.unary.string.OneOfString;Specific values;GitHub_createOrganizationRepository-daikon.inv.unary.string.OneOfString;GitHub_createOrganizationRepository-Specific values;TP;TP;TP;0.9;925;242;1167;10000;GPT-3.5
GitHub_createOrganizationRepository;73;daikon.inv.unary.string.OneOfString;Specific values;GitHub_createOrganizationRepository-daikon.inv.unary.string.OneOfString;GitHub_createOrganizationRepository-Specific values;TP;TP;TP;0.9;915;206;1121;10000;GPT-3.5
GitHub_createOrganizationRepository;74;daikon.inv.unary.string.OneOfString;Specific values;GitHub_createOrganizationRepository-daikon.inv.unary.string.OneOfString;GitHub_createOrganizationRepository-Specific values;TP;TP;TP;0.9;940;220;1160;10000;GPT-3.5
GitHub_createOrganizationRepository;75;daikon.inv.unary.string.OneOfString;Specific values;GitHub_createOrganizationRepository-daikon.inv.unary.string.OneOfString;GitHub_createOrganizationRepository-Specific values;TP;TP;TP;0.9;929;233;1162;10000;GPT-3.5
GitHub_createOrganizationRepository;76;daikon.inv.binary.twoScalar.IntLessThan;Arithmetic comparisons;GitHub_createOrganizationRepository-daikon.inv.binary.twoScalar.IntLessThan;GitHub_createOrganizationRepository-Arithmetic comparisons;FP;TP;FP;0.95;986;198;1184;10000;GPT-3.5
GitHub_createOrganizationRepository;77;daikon.inv.binary.twoScalar.IntGreaterThan;Arithmetic comparisons;GitHub_createOrganizationRepository-daikon.inv.binary.twoScalar.IntGreaterThan;GitHub_createOrganizationRepository-Arithmetic comparisons;TP;TP;TP;0.9;965;246;1211;10000;GPT-3.5
GitHub_createOrganizationRepository;78;daikon.inv.binary.twoScalar.IntLessThan;Arithmetic comparisons;GitHub_createOrganizationRepository-daikon.inv.binary.twoScalar.IntLessThan;GitHub_createOrganizationRepository-Arithmetic comparisons;FP;FP;TN;0.8;991;228;1219;10000;GPT-3.5
GitHub_createOrganizationRepository;79;daikon.inv.binary.twoScalar.IntGreaterThan;Arithmetic comparisons;GitHub_createOrganizationRepository-daikon.inv.binary.twoScalar.IntGreaterThan;GitHub_createOrganizationRepository-Arithmetic comparisons;TP;TP;TP;0.9;945;216;1161;10000;GPT-3.5
GitHub_createOrganizationRepository;80;daikon.inv.binary.twoScalar.IntGreaterThan;Arithmetic comparisons;GitHub_createOrganizationRepository-daikon.inv.binary.twoScalar.IntGreaterThan;GitHub_createOrganizationRepository-Arithmetic comparisons;FP;FP;TN;0.9;944;239;1183;10000;GPT-3.5
GitHub_createOrganizationRepository;81;daikon.inv.binary.twoScalar.IntLessThan;Arithmetic comparisons;GitHub_createOrganizationRepository-daikon.inv.binary.twoScalar.IntLessThan;GitHub_createOrganizationRepository-Arithmetic comparisons;TP;TP;TP;0.95;951;278;1229;10000;GPT-3.5
GitHub_createOrganizationRepository;82;daikon.inv.unary.string.FixedLengthString;Specific formats;GitHub_createOrganizationRepository-daikon.inv.unary.string.FixedLengthString;GitHub_createOrganizationRepository-Specific formats;TP;TP;TP;0.95;947;162;1109;10000;GPT-3.5
GitHub_createOrganizationRepository;83;daikon.inv.unary.string.IsUrl;Specific formats;GitHub_createOrganizationRepository-daikon.inv.unary.string.IsUrl;GitHub_createOrganizationRepository-Specific formats;TP;TP;TP;0.9;956;182;1138;10000;GPT-3.5
GitHub_createOrganizationRepository;84;daikon.inv.unary.string.FixedLengthString;Specific formats;GitHub_createOrganizationRepository-daikon.inv.unary.string.FixedLengthString;GitHub_createOrganizationRepository-Specific formats;TP;TP;TP;0.95;980;219;1199;10000;GPT-3.5
GitHub_createOrganizationRepository;85;daikon.inv.unary.string.FixedLengthString;Specific formats;GitHub_createOrganizationRepository-daikon.inv.unary.string.FixedLengthString;GitHub_createOrganizationRepository-Specific formats;TP;TP;TP;0.9;954;167;1121;10000;GPT-3.5
GitHub_createOrganizationRepository;86;daikon.inv.unary.string.FixedLengthString;Specific formats;GitHub_createOrganizationRepository-daikon.inv.unary.string.FixedLengthString;GitHub_createOrganizationRepository-Specific formats;TP;FP;FN;0.95;985;214;1199;10000;GPT-3.5
GitHub_createOrganizationRepository;87;daikon.inv.unary.string.IsUrl;Specific formats;GitHub_createOrganizationRepository-daikon.inv.unary.string.IsUrl;GitHub_createOrganizationRepository-Specific formats;TP;TP;TP;0.95;980;214;1194;10000;GPT-3.5
GitHub_createOrganizationRepository;88;daikon.inv.unary.string.FixedLengthString;Specific formats;GitHub_createOrganizationRepository-daikon.inv.unary.string.FixedLengthString;GitHub_createOrganizationRepository-Specific formats;TP;FP;FN;0.9;908;265;1173;10000;GPT-3.5
GitHub_createOrganizationRepository;89;daikon.inv.unary.string.IsUrl;Specific formats;GitHub_createOrganizationRepository-daikon.inv.unary.string.IsUrl;GitHub_createOrganizationRepository-Specific formats;TP;TP;TP;0.9;951;213;1164;10000;GPT-3.5
GitHub_createOrganizationRepository;90;daikon.inv.unary.string.IsUrl;Specific formats;GitHub_createOrganizationRepository-daikon.inv.unary.string.IsUrl;GitHub_createOrganizationRepository-Specific formats;TP;TP;TP;0.95;950;189;1139;10000;GPT-3.5
GitHub_createOrganizationRepository;91;daikon.inv.unary.string.IsUrl;Specific formats;GitHub_createOrganizationRepository-daikon.inv.unary.string.IsUrl;GitHub_createOrganizationRepository-Specific formats;TP;TP;TP;0.95;1000;192;1192;10000;GPT-3.5
GitHub_createOrganizationRepository;92;daikon.inv.unary.string.IsUrl;Specific formats;GitHub_createOrganizationRepository-daikon.inv.unary.string.IsUrl;GitHub_createOrganizationRepository-Specific formats;TP;TP;TP;0.95;1015;216;1231;10000;GPT-3.5
GitHub_createOrganizationRepository;93;daikon.inv.unary.string.IsUrl;Specific formats;GitHub_createOrganizationRepository-daikon.inv.unary.string.IsUrl;GitHub_createOrganizationRepository-Specific formats;TP;TP;TP;0.9;1009;247;1256;10000;GPT-3.5
GitHub_createOrganizationRepository;94;daikon.inv.unary.string.IsUrl;Specific formats;GitHub_createOrganizationRepository-daikon.inv.unary.string.IsUrl;GitHub_createOrganizationRepository-Specific formats;TP;TP;TP;0.9;1025;206;1231;10000;GPT-3.5
GitHub_createOrganizationRepository;95;daikon.inv.unary.string.IsUrl;Specific formats;GitHub_createOrganizationRepository-daikon.inv.unary.string.IsUrl;GitHub_createOrganizationRepository-Specific formats;TP;TP;TP;0.9;989;158;1147;10000;GPT-3.5
GitHub_createOrganizationRepository;96;daikon.inv.unary.string.IsUrl;Specific formats;GitHub_createOrganizationRepository-daikon.inv.unary.string.IsUrl;GitHub_createOrganizationRepository-Specific formats;TP;TP;TP;0.9;996;245;1241;10000;GPT-3.5
GitHub_createOrganizationRepository;97;daikon.inv.unary.string.IsUrl;Specific formats;GitHub_createOrganizationRepository-daikon.inv.unary.string.IsUrl;GitHub_createOrganizationRepository-Specific formats;TP;TP;TP;0.95;988;233;1221;10000;GPT-3.5
GitHub_createOrganizationRepository;98;daikon.inv.unary.string.IsUrl;Specific formats;GitHub_createOrganizationRepository-daikon.inv.unary.string.IsUrl;GitHub_createOrganizationRepository-Specific formats;TP;TP;TP;0.9;979;214;1193;10000;GPT-3.5
GitHub_createOrganizationRepository;99;daikon.inv.unary.string.IsUrl;Specific formats;GitHub_createOrganizationRepository-daikon.inv.unary.string.IsUrl;GitHub_createOrganizationRepository-Specific formats;TP;TP;TP;0.9;1004;216;1220;10000;GPT-3.5
GitHub_createOrganizationRepository;100;daikon.inv.unary.string.FixedLengthString;Specific formats;GitHub_createOrganizationRepository-daikon.inv.unary.string.FixedLengthString;GitHub_createOrganizationRepository-Specific formats;TP;FP;FN;0.6;887;259;1146;10000;GPT-3.5
GitHub_createOrganizationRepository;101;daikon.inv.unary.string.IsUrl;Specific formats;GitHub_createOrganizationRepository-daikon.inv.unary.string.IsUrl;GitHub_createOrganizationRepository-Specific formats;TP;TP;TP;0.9;969;226;1195;10000;GPT-3.5
GitHub_createOrganizationRepository;102;daikon.inv.unary.string.IsUrl;Specific formats;GitHub_createOrganizationRepository-daikon.inv.unary.string.IsUrl;GitHub_createOrganizationRepository-Specific formats;TP;TP;TP;1.0;969;228;1197;10000;GPT-3.5
GitHub_createOrganizationRepository;103;daikon.inv.unary.string.IsUrl;Specific formats;GitHub_createOrganizationRepository-daikon.inv.unary.string.IsUrl;GitHub_createOrganizationRepository-Specific formats;TP;TP;TP;0.9;1017;194;1211;10000;GPT-3.5
GitHub_createOrganizationRepository;104;daikon.inv.unary.string.IsUrl;Specific formats;GitHub_createOrganizationRepository-daikon.inv.unary.string.IsUrl;GitHub_createOrganizationRepository-Specific formats;TP;TP;TP;0.95;1027;250;1277;10000;GPT-3.5
GitHub_createOrganizationRepository;105;daikon.inv.unary.string.IsUrl;Specific formats;GitHub_createOrganizationRepository-daikon.inv.unary.string.IsUrl;GitHub_createOrganizationRepository-Specific formats;TP;TP;TP;0.95;1025;218;1243;10000;GPT-3.5
GitHub_createOrganizationRepository;106;daikon.inv.unary.string.IsUrl;Specific formats;GitHub_createOrganizationRepository-daikon.inv.unary.string.IsUrl;GitHub_createOrganizationRepository-Specific formats;TP;TP;TP;0.95;1015;211;1226;10000;GPT-3.5
GitHub_createOrganizationRepository;107;daikon.inv.unary.string.IsUrl;Specific formats;GitHub_createOrganizationRepository-daikon.inv.unary.string.IsUrl;GitHub_createOrganizationRepository-Specific formats;TP;TP;TP;0.9;1040;177;1217;10000;GPT-3.5
GitHub_createOrganizationRepository;108;daikon.inv.unary.string.IsUrl;Specific formats;GitHub_createOrganizationRepository-daikon.inv.unary.string.IsUrl;GitHub_createOrganizationRepository-Specific formats;TP;TP;TP;0.9;995;191;1186;10000;GPT-3.5
GitHub_createOrganizationRepository;109;daikon.inv.unary.string.IsUrl;Specific formats;GitHub_createOrganizationRepository-daikon.inv.unary.string.IsUrl;GitHub_createOrganizationRepository-Specific formats;TP;TP;TP;0.95;1039;183;1222;10000;GPT-3.5
GitHub_createOrganizationRepository;110;daikon.inv.unary.string.IsUrl;Specific formats;GitHub_createOrganizationRepository-daikon.inv.unary.string.IsUrl;GitHub_createOrganizationRepository-Specific formats;TP;TP;TP;0.95;1042;244;1286;10000;GPT-3.5
GitHub_createOrganizationRepository;111;daikon.inv.unary.string.IsUrl;Specific formats;GitHub_createOrganizationRepository-daikon.inv.unary.string.IsUrl;GitHub_createOrganizationRepository-Specific formats;TP;TP;TP;0.9;1017;200;1217;10000;GPT-3.5
GitHub_createOrganizationRepository;112;daikon.inv.unary.string.IsUrl;Specific formats;GitHub_createOrganizationRepository-daikon.inv.unary.string.IsUrl;GitHub_createOrganizationRepository-Specific formats;TP;TP;TP;0.95;1002;194;1196;10000;GPT-3.5
GitHub_createOrganizationRepository;113;daikon.inv.unary.string.IsUrl;Specific formats;GitHub_createOrganizationRepository-daikon.inv.unary.string.IsUrl;GitHub_createOrganizationRepository-Specific formats;TP;TP;TP;0.9;1010;173;1183;10000;GPT-3.5
GitHub_createOrganizationRepository;114;daikon.inv.unary.string.IsUrl;Specific formats;GitHub_createOrganizationRepository-daikon.inv.unary.string.IsUrl;GitHub_createOrganizationRepository-Specific formats;TP;TP;TP;0.95;991;201;1192;10000;GPT-3.5
GitHub_createOrganizationRepository;115;daikon.inv.unary.string.IsUrl;Specific formats;GitHub_createOrganizationRepository-daikon.inv.unary.string.IsUrl;GitHub_createOrganizationRepository-Specific formats;TP;TP;TP;0.9;990;219;1209;10000;GPT-3.5
GitHub_createOrganizationRepository;116;daikon.inv.unary.string.IsUrl;Specific formats;GitHub_createOrganizationRepository-daikon.inv.unary.string.IsUrl;GitHub_createOrganizationRepository-Specific formats;TP;TP;TP;0.95;1004;211;1215;10000;GPT-3.5
GitHub_createOrganizationRepository;117;daikon.inv.unary.string.IsUrl;Specific formats;GitHub_createOrganizationRepository-daikon.inv.unary.string.IsUrl;GitHub_createOrganizationRepository-Specific formats;TP;TP;TP;0.9;1034;247;1281;10000;GPT-3.5
GitHub_createOrganizationRepository;118;daikon.inv.unary.string.IsUrl;Specific formats;GitHub_createOrganizationRepository-daikon.inv.unary.string.IsUrl;GitHub_createOrganizationRepository-Specific formats;TP;TP;TP;0.95;1020;187;1207;10000;GPT-3.5
GitHub_createOrganizationRepository;119;daikon.inv.unary.string.IsUrl;Specific formats;GitHub_createOrganizationRepository-daikon.inv.unary.string.IsUrl;GitHub_createOrganizationRepository-Specific formats;TP;TP;TP;0.9;1011;209;1220;10000;GPT-3.5
GitHub_createOrganizationRepository;120;daikon.inv.unary.string.IsUrl;Specific formats;GitHub_createOrganizationRepository-daikon.inv.unary.string.IsUrl;GitHub_createOrganizationRepository-Specific formats;TP;TP;TP;0.95;1028;185;1213;10000;GPT-3.5
GitHub_createOrganizationRepository;121;daikon.inv.unary.string.IsUrl;Specific formats;GitHub_createOrganizationRepository-daikon.inv.unary.string.IsUrl;GitHub_createOrganizationRepository-Specific formats;TP;TP;TP;0.95;1009;213;1222;10000;GPT-3.5
GitHub_createOrganizationRepository;122;daikon.inv.unary.string.IsUrl;Specific formats;GitHub_createOrganizationRepository-daikon.inv.unary.string.IsUrl;GitHub_createOrganizationRepository-Specific formats;TP;TP;TP;0.95;1009;210;1219;10000;GPT-3.5
GitHub_createOrganizationRepository;123;daikon.inv.unary.string.IsUrl;Specific formats;GitHub_createOrganizationRepository-daikon.inv.unary.string.IsUrl;GitHub_createOrganizationRepository-Specific formats;TP;TP;TP;0.95;1030;226;1256;10000;GPT-3.5
GitHub_createOrganizationRepository;124;daikon.inv.unary.string.IsUrl;Specific formats;GitHub_createOrganizationRepository-daikon.inv.unary.string.IsUrl;GitHub_createOrganizationRepository-Specific formats;TP;TP;TP;0.95;1013;205;1218;10000;GPT-3.5
GitHub_createOrganizationRepository;125;daikon.inv.unary.string.IsUrl;Specific formats;GitHub_createOrganizationRepository-daikon.inv.unary.string.IsUrl;GitHub_createOrganizationRepository-Specific formats;TP;TP;TP;0.95;988;222;1210;10000;GPT-3.5
GitHub_createOrganizationRepository;126;daikon.inv.unary.string.IsUrl;Specific formats;GitHub_createOrganizationRepository-daikon.inv.unary.string.IsUrl;GitHub_createOrganizationRepository-Specific formats;TP;TP;TP;0.95;1010;216;1226;10000;GPT-3.5
GitHub_createOrganizationRepository;127;daikon.inv.unary.string.IsUrl;Specific formats;GitHub_createOrganizationRepository-daikon.inv.unary.string.IsUrl;GitHub_createOrganizationRepository-Specific formats;TP;TP;TP;0.95;1031;168;1199;10000;GPT-3.5
GitHub_createOrganizationRepository;128;daikon.inv.unary.string.IsUrl;Specific formats;GitHub_createOrganizationRepository-daikon.inv.unary.string.IsUrl;GitHub_createOrganizationRepository-Specific formats;TP;TP;TP;0.95;1051;210;1261;10000;GPT-3.5
GitHub_createOrganizationRepository;129;daikon.inv.unary.string.IsUrl;Specific formats;GitHub_createOrganizationRepository-daikon.inv.unary.string.IsUrl;GitHub_createOrganizationRepository-Specific formats;TP;TP;TP;0.95;1013;245;1258;10000;GPT-3.5
GitHub_createOrganizationRepository;130;daikon.inv.unary.string.IsUrl;Specific formats;GitHub_createOrganizationRepository-daikon.inv.unary.string.IsUrl;GitHub_createOrganizationRepository-Specific formats;TP;TP;TP;0.9;1000;191;1191;10000;GPT-3.5
GitHub_createOrganizationRepository;131;daikon.inv.unary.string.IsUrl;Specific formats;GitHub_createOrganizationRepository-daikon.inv.unary.string.IsUrl;GitHub_createOrganizationRepository-Specific formats;TP;TP;TP;0.95;1021;237;1258;10000;GPT-3.5
GitHub_createOrganizationRepository;132;daikon.inv.unary.string.IsUrl;Specific formats;GitHub_createOrganizationRepository-daikon.inv.unary.string.IsUrl;GitHub_createOrganizationRepository-Specific formats;TP;TP;TP;0.95;1015;195;1210;10000;GPT-3.5
GitHub_createOrganizationRepository;133;daikon.inv.unary.string.IsUrl;Specific formats;GitHub_createOrganizationRepository-daikon.inv.unary.string.IsUrl;GitHub_createOrganizationRepository-Specific formats;TP;TP;TP;0.95;1000;196;1196;10000;GPT-3.5
GitHub_createOrganizationRepository;134;daikon.inv.unary.string.IsUrl;Specific formats;GitHub_createOrganizationRepository-daikon.inv.unary.string.IsUrl;GitHub_createOrganizationRepository-Specific formats;TP;TP;TP;0.95;989;216;1205;10000;GPT-3.5
GitHub_createOrganizationRepository;135;daikon.inv.unary.string.IsUrl;Specific formats;GitHub_createOrganizationRepository-daikon.inv.unary.string.IsUrl;GitHub_createOrganizationRepository-Specific formats;TP;TP;TP;0.95;994;201;1195;10000;GPT-3.5
GitHub_createOrganizationRepository;136;daikon.inv.unary.string.IsUrl;Specific formats;GitHub_createOrganizationRepository-daikon.inv.unary.string.IsUrl;GitHub_createOrganizationRepository-Specific formats;TP;TP;TP;0.95;1000;239;1239;10000;GPT-3.5
GitHub_createOrganizationRepository;137;daikon.inv.unary.string.IsUrl;Specific formats;GitHub_createOrganizationRepository-daikon.inv.unary.string.IsUrl;GitHub_createOrganizationRepository-Specific formats;TP;TP;TP;0.9;1022;213;1235;10000;GPT-3.5
GitHub_createOrganizationRepository;138;daikon.inv.unary.string.IsUrl;Specific formats;GitHub_createOrganizationRepository-daikon.inv.unary.string.IsUrl;GitHub_createOrganizationRepository-Specific formats;TP;TP;TP;0.95;990;203;1193;10000;GPT-3.5
GitHub_createOrganizationRepository;139;daikon.inv.unary.string.IsUrl;Specific formats;GitHub_createOrganizationRepository-daikon.inv.unary.string.IsUrl;GitHub_createOrganizationRepository-Specific formats;TP;TP;TP;0.95;1010;236;1246;10000;GPT-3.5
GitHub_createOrganizationRepository;140;daikon.inv.unary.string.FixedLengthString;Specific formats;GitHub_createOrganizationRepository-daikon.inv.unary.string.FixedLengthString;GitHub_createOrganizationRepository-Specific formats;TP;FP;FN;0.9;881;212;1093;10000;GPT-3.5
GitHub_createOrganizationRepository;141;daikon.inv.unary.string.FixedLengthString;Specific formats;GitHub_createOrganizationRepository-daikon.inv.unary.string.FixedLengthString;GitHub_createOrganizationRepository-Specific formats;TP;TP;TP;0.9;976;193;1169;10000;GPT-3.5
GitHub_createOrganizationRepository;142;daikon.inv.unary.string.dates.IsTimestampYYYYMMHHThhmmssmm;Specific formats;GitHub_createOrganizationRepository-daikon.inv.unary.string.dates.IsTimestampYYYYMMHHThhmmssmm;GitHub_createOrganizationRepository-Specific formats;TP;TP;TP;0.9;1002;209;1211;10000;GPT-3.5
GitHub_createOrganizationRepository;143;daikon.inv.unary.string.FixedLengthString;Specific formats;GitHub_createOrganizationRepository-daikon.inv.unary.string.FixedLengthString;GitHub_createOrganizationRepository-Specific formats;TP;TP;TP;0.95;970;221;1191;10000;GPT-3.5
GitHub_createOrganizationRepository;144;daikon.inv.unary.string.dates.IsTimestampYYYYMMHHThhmmssmm;Specific formats;GitHub_createOrganizationRepository-daikon.inv.unary.string.dates.IsTimestampYYYYMMHHThhmmssmm;GitHub_createOrganizationRepository-Specific formats;TP;TP;TP;0.95;996;249;1245;10000;GPT-3.5
GitHub_createOrganizationRepository;145;daikon.inv.binary.twoString.StdString$SubString;String comparisons;GitHub_createOrganizationRepository-daikon.inv.binary.twoString.StdString$SubString;GitHub_createOrganizationRepository-String comparisons;TP;TP;TP;0.95;1016;228;1244;10000;GPT-3.5
GitHub_createOrganizationRepository;146;daikon.inv.binary.twoString.StdString$SubString;String comparisons;GitHub_createOrganizationRepository-daikon.inv.binary.twoString.StdString$SubString;GitHub_createOrganizationRepository-String comparisons;TP;TP;TP;0.9;1025;221;1246;10000;GPT-3.5
GitHub_createOrganizationRepository;147;daikon.inv.binary.twoString.StdString$SubString;String comparisons;GitHub_createOrganizationRepository-daikon.inv.binary.twoString.StdString$SubString;GitHub_createOrganizationRepository-String comparisons;TP;TP;TP;0.9;1023;198;1221;10000;GPT-3.5
GitHub_createOrganizationRepository;148;daikon.inv.binary.twoString.StdString$SubString;String comparisons;GitHub_createOrganizationRepository-daikon.inv.binary.twoString.StdString$SubString;GitHub_createOrganizationRepository-String comparisons;TP;TP;TP;0.95;1113;279;1392;10000;GPT-3.5
GitHub_createOrganizationRepository;149;daikon.inv.binary.twoString.StdString$SubString;String comparisons;GitHub_createOrganizationRepository-daikon.inv.binary.twoString.StdString$SubString;GitHub_createOrganizationRepository-String comparisons;TP;TP;TP;0.9;1028;208;1236;10000;GPT-3.5
GitHub_createOrganizationRepository;150;daikon.inv.binary.twoString.StdString$SubString;String comparisons;GitHub_createOrganizationRepository-daikon.inv.binary.twoString.StdString$SubString;GitHub_createOrganizationRepository-String comparisons;TP;TP;TP;0.95;1093;252;1345;10000;GPT-3.5
GitHub_createOrganizationRepository;151;daikon.inv.binary.twoString.StdString$SubString;String comparisons;GitHub_createOrganizationRepository-daikon.inv.binary.twoString.StdString$SubString;GitHub_createOrganizationRepository-String comparisons;TP;TP;TP;0.95;1106;213;1319;10000;GPT-3.5
GitHub_createOrganizationRepository;152;daikon.inv.binary.twoString.StdString$SubString;String comparisons;GitHub_createOrganizationRepository-daikon.inv.binary.twoString.StdString$SubString;GitHub_createOrganizationRepository-String comparisons;TP;TP;TP;0.95;1081;241;1322;10000;GPT-3.5
GitHub_createOrganizationRepository;153;daikon.inv.binary.twoString.StdString$SubString;String comparisons;GitHub_createOrganizationRepository-daikon.inv.binary.twoString.StdString$SubString;GitHub_createOrganizationRepository-String comparisons;TP;TP;TP;0.95;1116;231;1347;10000;GPT-3.5
GitHub_createOrganizationRepository;154;daikon.inv.binary.twoString.StdString$SubString;String comparisons;GitHub_createOrganizationRepository-daikon.inv.binary.twoString.StdString$SubString;GitHub_createOrganizationRepository-String comparisons;TP;TP;TP;0.9;1045;233;1278;10000;GPT-3.5
GitHub_createOrganizationRepository;155;daikon.inv.binary.twoString.StdString$SubString;String comparisons;GitHub_createOrganizationRepository-daikon.inv.binary.twoString.StdString$SubString;GitHub_createOrganizationRepository-String comparisons;TP;TP;TP;0.9;1109;223;1332;10000;GPT-3.5
GitHub_createOrganizationRepository;156;daikon.inv.binary.twoString.StdString$SubString;String comparisons;GitHub_createOrganizationRepository-daikon.inv.binary.twoString.StdString$SubString;GitHub_createOrganizationRepository-String comparisons;TP;TP;TP;0.95;1133;251;1384;10000;GPT-3.5
GitHub_createOrganizationRepository;157;daikon.inv.binary.twoString.StdString$SubString;String comparisons;GitHub_createOrganizationRepository-daikon.inv.binary.twoString.StdString$SubString;GitHub_createOrganizationRepository-String comparisons;TP;TP;TP;0.9;1122;247;1369;10000;GPT-3.5
GitHub_createOrganizationRepository;158;daikon.inv.binary.twoString.StdString$SubString;String comparisons;GitHub_createOrganizationRepository-daikon.inv.binary.twoString.StdString$SubString;GitHub_createOrganizationRepository-String comparisons;TP;TP;TP;0.9;1135;284;1419;10000;GPT-3.5
GitHub_createOrganizationRepository;159;daikon.inv.binary.twoString.StdString$SubString;String comparisons;GitHub_createOrganizationRepository-daikon.inv.binary.twoString.StdString$SubString;GitHub_createOrganizationRepository-String comparisons;TP;TP;TP;0.95;1109;249;1358;10000;GPT-3.5
GitHub_createOrganizationRepository;160;daikon.inv.binary.twoString.StdString$SubString;String comparisons;GitHub_createOrganizationRepository-daikon.inv.binary.twoString.StdString$SubString;GitHub_createOrganizationRepository-String comparisons;TP;TP;TP;0.95;1107;275;1382;10000;GPT-3.5
GitHub_createOrganizationRepository;161;daikon.inv.binary.twoString.StdString$SubString;String comparisons;GitHub_createOrganizationRepository-daikon.inv.binary.twoString.StdString$SubString;GitHub_createOrganizationRepository-String comparisons;TP;TP;TP;0.95;1099;256;1355;10000;GPT-3.5
GitHub_createOrganizationRepository;162;daikon.inv.binary.twoString.StdString$SubString;String comparisons;GitHub_createOrganizationRepository-daikon.inv.binary.twoString.StdString$SubString;GitHub_createOrganizationRepository-String comparisons;TP;FP;FN;0.9;1090;208;1298;10000;GPT-3.5
GitHub_createOrganizationRepository;163;daikon.inv.binary.twoString.StdString$SubString;String comparisons;GitHub_createOrganizationRepository-daikon.inv.binary.twoString.StdString$SubString;GitHub_createOrganizationRepository-String comparisons;TP;TP;TP;0.95;1126;311;1437;10000;GPT-3.5
GitHub_createOrganizationRepository;164;daikon.inv.binary.twoString.StdString$SubString;String comparisons;GitHub_createOrganizationRepository-daikon.inv.binary.twoString.StdString$SubString;GitHub_createOrganizationRepository-String comparisons;TP;TP;TP;0.95;1061;196;1257;10000;GPT-3.5
GitHub_createOrganizationRepository;165;daikon.inv.binary.twoString.StdString$SubString;String comparisons;GitHub_createOrganizationRepository-daikon.inv.binary.twoString.StdString$SubString;GitHub_createOrganizationRepository-String comparisons;TP;TP;TP;0.9;1110;187;1297;10000;GPT-3.5
GitHub_createOrganizationRepository;166;daikon.inv.binary.twoString.StdString$SubString;String comparisons;GitHub_createOrganizationRepository-daikon.inv.binary.twoString.StdString$SubString;GitHub_createOrganizationRepository-String comparisons;TP;TP;TP;0.95;1165;222;1387;10000;GPT-3.5
GitHub_createOrganizationRepository;167;daikon.inv.binary.twoString.StdString$SubString;String comparisons;GitHub_createOrganizationRepository-daikon.inv.binary.twoString.StdString$SubString;GitHub_createOrganizationRepository-String comparisons;TP;TP;TP;0.95;1160;198;1358;10000;GPT-3.5
GitHub_createOrganizationRepository;168;daikon.inv.binary.twoString.StdString$SubString;String comparisons;GitHub_createOrganizationRepository-daikon.inv.binary.twoString.StdString$SubString;GitHub_createOrganizationRepository-String comparisons;TP;TP;TP;0.95;1153;224;1377;10000;GPT-3.5
GitHub_createOrganizationRepository;169;daikon.inv.binary.twoString.StdString$SubString;String comparisons;GitHub_createOrganizationRepository-daikon.inv.binary.twoString.StdString$SubString;GitHub_createOrganizationRepository-String comparisons;TP;TP;TP;0.95;1155;250;1405;10000;GPT-3.5
GitHub_createOrganizationRepository;170;daikon.inv.binary.twoString.StdString$SubString;String comparisons;GitHub_createOrganizationRepository-daikon.inv.binary.twoString.StdString$SubString;GitHub_createOrganizationRepository-String comparisons;TP;TP;TP;0.95;1169;237;1406;10000;GPT-3.5
GitHub_createOrganizationRepository;171;daikon.inv.binary.twoString.StdString$SubString;String comparisons;GitHub_createOrganizationRepository-daikon.inv.binary.twoString.StdString$SubString;GitHub_createOrganizationRepository-String comparisons;TP;TP;TP;0.9;1135;218;1353;10000;GPT-3.5
GitHub_createOrganizationRepository;172;daikon.inv.binary.twoString.StdString$SubString;String comparisons;GitHub_createOrganizationRepository-daikon.inv.binary.twoString.StdString$SubString;GitHub_createOrganizationRepository-String comparisons;TP;TP;TP;0.95;1161;271;1432;10000;GPT-3.5
GitHub_createOrganizationRepository;173;daikon.inv.binary.twoString.StdString$SubString;String comparisons;GitHub_createOrganizationRepository-daikon.inv.binary.twoString.StdString$SubString;GitHub_createOrganizationRepository-String comparisons;TP;TP;TP;0.95;1179;223;1402;10000;GPT-3.5
GitHub_createOrganizationRepository;174;daikon.inv.binary.twoString.StdString$SubString;String comparisons;GitHub_createOrganizationRepository-daikon.inv.binary.twoString.StdString$SubString;GitHub_createOrganizationRepository-String comparisons;TP;TP;TP;0.9;1147;229;1376;10000;GPT-3.5
GitHub_createOrganizationRepository;175;daikon.inv.binary.twoString.StdString$SubString;String comparisons;GitHub_createOrganizationRepository-daikon.inv.binary.twoString.StdString$SubString;GitHub_createOrganizationRepository-String comparisons;TP;TP;TP;0.95;1161;232;1393;10000;GPT-3.5
GitHub_createOrganizationRepository;176;daikon.inv.binary.twoString.StdString$SubString;String comparisons;GitHub_createOrganizationRepository-daikon.inv.binary.twoString.StdString$SubString;GitHub_createOrganizationRepository-String comparisons;TP;TP;TP;0.9;1139;178;1317;10000;GPT-3.5
GitHub_createOrganizationRepository;177;daikon.inv.binary.twoString.StdString$SubString;String comparisons;GitHub_createOrganizationRepository-daikon.inv.binary.twoString.StdString$SubString;GitHub_createOrganizationRepository-String comparisons;TP;TP;TP;0.95;1129;251;1380;10000;GPT-3.5
GitHub_createOrganizationRepository;178;daikon.inv.binary.twoString.StdString$SubString;String comparisons;GitHub_createOrganizationRepository-daikon.inv.binary.twoString.StdString$SubString;GitHub_createOrganizationRepository-String comparisons;TP;TP;TP;0.95;1109;226;1335;10000;GPT-3.5
GitHub_createOrganizationRepository;179;daikon.inv.binary.twoString.StdString$SubString;String comparisons;GitHub_createOrganizationRepository-daikon.inv.binary.twoString.StdString$SubString;GitHub_createOrganizationRepository-String comparisons;TP;TP;TP;0.95;1141;300;1441;10000;GPT-3.5
GitHub_createOrganizationRepository;180;daikon.inv.binary.twoString.StdString$SubString;String comparisons;GitHub_createOrganizationRepository-daikon.inv.binary.twoString.StdString$SubString;GitHub_createOrganizationRepository-String comparisons;TP;TP;TP;0.9;1161;226;1387;10000;GPT-3.5
GitHub_createOrganizationRepository;181;daikon.inv.binary.twoString.StdString$SubString;String comparisons;GitHub_createOrganizationRepository-daikon.inv.binary.twoString.StdString$SubString;GitHub_createOrganizationRepository-String comparisons;TP;TP;TP;0.95;1160;247;1407;10000;GPT-3.5
GitHub_createOrganizationRepository;182;daikon.inv.binary.twoString.StdString$SubString;String comparisons;GitHub_createOrganizationRepository-daikon.inv.binary.twoString.StdString$SubString;GitHub_createOrganizationRepository-String comparisons;TP;TP;TP;0.95;1150;249;1399;10000;GPT-3.5
GitHub_createOrganizationRepository;183;daikon.inv.binary.twoString.StdString$SubString;String comparisons;GitHub_createOrganizationRepository-daikon.inv.binary.twoString.StdString$SubString;GitHub_createOrganizationRepository-String comparisons;TP;TP;TP;0.9;1134;216;1350;10000;GPT-3.5
GitHub_createOrganizationRepository;184;daikon.inv.binary.twoString.StdString$SubString;String comparisons;GitHub_createOrganizationRepository-daikon.inv.binary.twoString.StdString$SubString;GitHub_createOrganizationRepository-String comparisons;TP;TP;TP;0.95;1140;229;1369;10000;GPT-3.5
GitHub_createOrganizationRepository;185;daikon.inv.binary.twoString.StdString$SubString;String comparisons;GitHub_createOrganizationRepository-daikon.inv.binary.twoString.StdString$SubString;GitHub_createOrganizationRepository-String comparisons;TP;TP;TP;0.95;1119;268;1387;10000;GPT-3.5
GitHub_createOrganizationRepository;186;daikon.inv.binary.twoString.StdString$SubString;String comparisons;GitHub_createOrganizationRepository-daikon.inv.binary.twoString.StdString$SubString;GitHub_createOrganizationRepository-String comparisons;TP;TP;TP;0.95;1145;240;1385;10000;GPT-3.5
GitHub_createOrganizationRepository;187;daikon.inv.binary.twoString.StdString$SubString;String comparisons;GitHub_createOrganizationRepository-daikon.inv.binary.twoString.StdString$SubString;GitHub_createOrganizationRepository-String comparisons;TP;TP;TP;0.95;1137;265;1402;10000;GPT-3.5
GitHub_createOrganizationRepository;188;daikon.inv.binary.twoString.StdString$SubString;String comparisons;GitHub_createOrganizationRepository-daikon.inv.binary.twoString.StdString$SubString;GitHub_createOrganizationRepository-String comparisons;TP;TP;TP;0.95;1145;205;1350;10000;GPT-3.5
GitHub_createOrganizationRepository;189;daikon.inv.binary.twoString.StdString$SubString;String comparisons;GitHub_createOrganizationRepository-daikon.inv.binary.twoString.StdString$SubString;GitHub_createOrganizationRepository-String comparisons;TP;TP;TP;0.95;1131;194;1325;10000;GPT-3.5
GitHub_createOrganizationRepository;190;daikon.inv.binary.twoString.StdString$SubString;String comparisons;GitHub_createOrganizationRepository-daikon.inv.binary.twoString.StdString$SubString;GitHub_createOrganizationRepository-String comparisons;TP;TP;TP;0.95;1155;225;1380;10000;GPT-3.5
GitHub_createOrganizationRepository;191;daikon.inv.binary.twoString.StdString$SubString;String comparisons;GitHub_createOrganizationRepository-daikon.inv.binary.twoString.StdString$SubString;GitHub_createOrganizationRepository-String comparisons;TP;TP;TP;0.95;1175;250;1425;10000;GPT-3.5
GitHub_createOrganizationRepository;192;daikon.inv.binary.twoString.StdString$SubString;String comparisons;GitHub_createOrganizationRepository-daikon.inv.binary.twoString.StdString$SubString;GitHub_createOrganizationRepository-String comparisons;TP;TP;TP;0.95;1169;274;1443;10000;GPT-3.5
GitHub_createOrganizationRepository;193;daikon.inv.binary.twoString.StdString$SubString;String comparisons;GitHub_createOrganizationRepository-daikon.inv.binary.twoString.StdString$SubString;GitHub_createOrganizationRepository-String comparisons;TP;TP;TP;0.95;1113;261;1374;10000;GPT-3.5
GitHub_createOrganizationRepository;194;daikon.inv.binary.twoString.StdString$SubString;String comparisons;GitHub_createOrganizationRepository-daikon.inv.binary.twoString.StdString$SubString;GitHub_createOrganizationRepository-String comparisons;TP;TP;TP;0.9;1143;235;1378;10000;GPT-3.5
GitHub_createOrganizationRepository;195;daikon.inv.binary.twoString.StdString$SubString;String comparisons;GitHub_createOrganizationRepository-daikon.inv.binary.twoString.StdString$SubString;GitHub_createOrganizationRepository-String comparisons;TP;TP;TP;0.95;1139;274;1413;10000;GPT-3.5
GitHub_createOrganizationRepository;196;daikon.inv.binary.twoString.StdString$SubString;String comparisons;GitHub_createOrganizationRepository-daikon.inv.binary.twoString.StdString$SubString;GitHub_createOrganizationRepository-String comparisons;TP;TP;TP;0.95;1129;293;1422;10000;GPT-3.5
GitHub_createOrganizationRepository;197;daikon.inv.binary.twoString.StdString$SubString;String comparisons;GitHub_createOrganizationRepository-daikon.inv.binary.twoString.StdString$SubString;GitHub_createOrganizationRepository-String comparisons;TP;TP;TP;0.95;1121;229;1350;10000;GPT-3.5
GitHub_createOrganizationRepository;198;daikon.inv.binary.twoString.StdString$SubString;String comparisons;GitHub_createOrganizationRepository-daikon.inv.binary.twoString.StdString$SubString;GitHub_createOrganizationRepository-String comparisons;TP;TP;TP;0.95;1133;176;1309;10000;GPT-3.5
GitHub_createOrganizationRepository;199;daikon.inv.binary.twoString.StdString$SubString;String comparisons;GitHub_createOrganizationRepository-daikon.inv.binary.twoString.StdString$SubString;GitHub_createOrganizationRepository-String comparisons;TP;TP;TP;0.9;1121;195;1316;10000;GPT-3.5
GitHub_createOrganizationRepository;200;daikon.inv.binary.twoString.StdString$SubString;String comparisons;GitHub_createOrganizationRepository-daikon.inv.binary.twoString.StdString$SubString;GitHub_createOrganizationRepository-String comparisons;TP;TP;TP;0.95;1135;243;1378;10000;GPT-3.5
GitHub_createOrganizationRepository;201;daikon.inv.binary.twoString.StdString$SubString;String comparisons;GitHub_createOrganizationRepository-daikon.inv.binary.twoString.StdString$SubString;GitHub_createOrganizationRepository-String comparisons;TP;TP;TP;0.95;1131;254;1385;10000;GPT-3.5
GitHub_createOrganizationRepository;202;daikon.inv.unary.string.FixedLengthString;Specific formats;GitHub_createOrganizationRepository-daikon.inv.unary.string.FixedLengthString;GitHub_createOrganizationRepository-Specific formats;TP;TP;TP;0.9;970;199;1169;10000;GPT-3.5
GitHub_createOrganizationRepository;203;daikon.inv.unary.string.dates.IsTimestampYYYYMMHHThhmmssmm;Specific formats;GitHub_createOrganizationRepository-daikon.inv.unary.string.dates.IsTimestampYYYYMMHHThhmmssmm;GitHub_createOrganizationRepository-Specific formats;TP;TP;TP;0.95;996;217;1213;10000;GPT-3.5
AmadeusHotel_getMultiHotelOffers;0;daikon.inv.unary.string.OneOfString;Specific values;AmadeusHotel_getMultiHotelOffers-daikon.inv.unary.string.OneOfString;AmadeusHotel_getMultiHotelOffers-Specific values;TP;TP;TP;0.95;773;252;1025;10000;GPT-3.5
AmadeusHotel_getMultiHotelOffers;1;daikon.inv.unary.string.OneOfString;Specific values;AmadeusHotel_getMultiHotelOffers-daikon.inv.unary.string.OneOfString;AmadeusHotel_getMultiHotelOffers-Specific values;TP;TP;TP;0.9;774;293;1067;10000;GPT-3.5
AmadeusHotel_getMultiHotelOffers;2;daikon.inv.binary.twoString.StringEqual;String comparisons;AmadeusHotel_getMultiHotelOffers-daikon.inv.binary.twoString.StringEqual;AmadeusHotel_getMultiHotelOffers-String comparisons;FP;TP;FP;0.9;891;218;1109;1000;GPT-3.5
AmadeusHotel_getMultiHotelOffers;3;daikon.inv.unary.scalar.OneOfScalar;Specific values;AmadeusHotel_getMultiHotelOffers-daikon.inv.unary.scalar.OneOfScalar;AmadeusHotel_getMultiHotelOffers-Specific values;FP;TP;FP;0.9;797;246;1043;10000;GPT-3.5
AmadeusHotel_getMultiHotelOffers;4;daikon.inv.binary.twoScalar.IntEqual;Arithmetic comparisons;AmadeusHotel_getMultiHotelOffers-daikon.inv.binary.twoScalar.IntEqual;AmadeusHotel_getMultiHotelOffers-Arithmetic comparisons;TP;TP;TP;0.95;839;240;1079;10000;GPT-3.5
AmadeusHotel_getMultiHotelOffers;5;daikon.inv.binary.twoScalar.IntEqual;Arithmetic comparisons;AmadeusHotel_getMultiHotelOffers-daikon.inv.binary.twoScalar.IntEqual;AmadeusHotel_getMultiHotelOffers-Arithmetic comparisons;FP;TP;FP;0.9;1024;285;1309;50;GPT-3.5
AmadeusHotel_getMultiHotelOffers;6;daikon.inv.binary.twoString.StringEqual;String comparisons;AmadeusHotel_getMultiHotelOffers-daikon.inv.binary.twoString.StringEqual;AmadeusHotel_getMultiHotelOffers-String comparisons;TP;TP;TP;0.95;865;268;1133;10000;GPT-3.5
AmadeusHotel_getMultiHotelOffers;7;daikon.inv.binary.twoString.StringEqual;String comparisons;AmadeusHotel_getMultiHotelOffers-daikon.inv.binary.twoString.StringEqual;AmadeusHotel_getMultiHotelOffers-String comparisons;TP;TP;TP;0.95;899;244;1143;10000;GPT-3.5
AmadeusHotel_getMultiHotelOffers;8;daikon.inv.binary.twoString.StringEqual;String comparisons;AmadeusHotel_getMultiHotelOffers-daikon.inv.binary.twoString.StringEqual;AmadeusHotel_getMultiHotelOffers-String comparisons;FP;TP;FP;0.9;863;273;1136;100;GPT-3.5
AmadeusHotel_getMultiHotelOffers;9;daikon.inv.binary.twoString.StringEqual;String comparisons;AmadeusHotel_getMultiHotelOffers-daikon.inv.binary.twoString.StringEqual;AmadeusHotel_getMultiHotelOffers-String comparisons;FP;TP;FP;0.9;972;224;1196;500;GPT-3.5
AmadeusHotel_getMultiHotelOffers;10;daikon.inv.binary.twoString.StringEqual;String comparisons;AmadeusHotel_getMultiHotelOffers-daikon.inv.binary.twoString.StringEqual;AmadeusHotel_getMultiHotelOffers-String comparisons;FP;TP;FP;0.9;769;270;1039;100;GPT-3.5
AmadeusHotel_getMultiHotelOffers;11;daikon.inv.binary.twoScalar.IntEqual;Arithmetic comparisons;AmadeusHotel_getMultiHotelOffers-daikon.inv.binary.twoScalar.IntEqual;AmadeusHotel_getMultiHotelOffers-Arithmetic comparisons;FP;FP;TN;0.9;688;275;963;10000;GPT-3.5
AmadeusHotel_getMultiHotelOffers;12;daikon.inv.binary.twoScalar.IntEqual;Arithmetic comparisons;AmadeusHotel_getMultiHotelOffers-daikon.inv.binary.twoScalar.IntEqual;AmadeusHotel_getMultiHotelOffers-Arithmetic comparisons;FP;TP;FP;0.95;725;256;981;10000;GPT-3.5
AmadeusHotel_getMultiHotelOffers;13;daikon.inv.binary.twoScalar.IntEqual;Arithmetic comparisons;AmadeusHotel_getMultiHotelOffers-daikon.inv.binary.twoScalar.IntEqual;AmadeusHotel_getMultiHotelOffers-Arithmetic comparisons;FP;TP;FP;0.9;732;260;992;10000;GPT-3.5
AmadeusHotel_getMultiHotelOffers;14;daikon.inv.binary.twoScalar.IntEqual;Arithmetic comparisons;AmadeusHotel_getMultiHotelOffers-daikon.inv.binary.twoScalar.IntEqual;AmadeusHotel_getMultiHotelOffers-Arithmetic comparisons;FP;FP;TN;0.9;733;293;1026;10000;GPT-3.5
AmadeusHotel_getMultiHotelOffers;15;daikon.inv.binary.twoScalar.IntEqual;Arithmetic comparisons;AmadeusHotel_getMultiHotelOffers-daikon.inv.binary.twoScalar.IntEqual;AmadeusHotel_getMultiHotelOffers-Arithmetic comparisons;FP;TP;FP;0.9;1060;294;1354;50;GPT-3.5
AmadeusHotel_getMultiHotelOffers;16;daikon.inv.binary.twoScalar.IntEqual;Arithmetic comparisons;AmadeusHotel_getMultiHotelOffers-daikon.inv.binary.twoScalar.IntEqual;AmadeusHotel_getMultiHotelOffers-Arithmetic comparisons;FP;TP;FP;0.9;843;286;1129;10000;GPT-3.5
AmadeusHotel_getMultiHotelOffers;17;daikon.inv.binary.twoScalar.IntEqual;Arithmetic comparisons;AmadeusHotel_getMultiHotelOffers-daikon.inv.binary.twoScalar.IntEqual;AmadeusHotel_getMultiHotelOffers-Arithmetic comparisons;FP;TP;FP;0.9;947;221;1168;10000;GPT-3.5
AmadeusHotel_getMultiHotelOffers;18;daikon.inv.unary.string.OneOfString;Specific values;AmadeusHotel_getMultiHotelOffers-daikon.inv.unary.string.OneOfString;AmadeusHotel_getMultiHotelOffers-Specific values;FP;TP;FP;0.9;798;396;1194;10000;GPT-3.5
AmadeusHotel_getMultiHotelOffers;19;daikon.inv.unary.string.OneOfString;Specific values;AmadeusHotel_getMultiHotelOffers-daikon.inv.unary.string.OneOfString;AmadeusHotel_getMultiHotelOffers-Specific values;FP;TP;FP;0.9;772;271;1043;10000;GPT-3.5
AmadeusHotel_getMultiHotelOffers;20;daikon.inv.unary.string.OneOfString;Specific values;AmadeusHotel_getMultiHotelOffers-daikon.inv.unary.string.OneOfString;AmadeusHotel_getMultiHotelOffers-Specific values;FP;TP;FP;0.9;704;277;981;100;GPT-3.5
AmadeusHotel_getMultiHotelOffers;21;daikon.inv.unary.scalar.OneOfScalar;Specific values;AmadeusHotel_getMultiHotelOffers-daikon.inv.unary.scalar.OneOfScalar;AmadeusHotel_getMultiHotelOffers-Specific values;FP;FP;TN;0.6;668;251;919;10000;GPT-3.5
AmadeusHotel_getMultiHotelOffers;22;daikon.inv.unary.string.OneOfString;Specific values;AmadeusHotel_getMultiHotelOffers-daikon.inv.unary.string.OneOfString;AmadeusHotel_getMultiHotelOffers-Specific values;FP;TP;FP;0.9;801;230;1031;100;GPT-3.5
AmadeusHotel_getMultiHotelOffers;23;daikon.inv.unary.scalar.NonZero;Arithmetic comparisons;AmadeusHotel_getMultiHotelOffers-daikon.inv.unary.scalar.NonZero;AmadeusHotel_getMultiHotelOffers-Arithmetic comparisons;TP;TP;TP;0.9;617;195;812;10000;GPT-3.5
AmadeusHotel_getMultiHotelOffers;24;daikon.inv.unary.scalar.NonZero;Arithmetic comparisons;AmadeusHotel_getMultiHotelOffers-daikon.inv.unary.scalar.NonZero;AmadeusHotel_getMultiHotelOffers-Arithmetic comparisons;FP;TP;FP;0.9;666;223;889;100;GPT-3.5
AmadeusHotel_getMultiHotelOffers;25;daikon.inv.unary.scalar.OneOfScalar;Specific values;AmadeusHotel_getMultiHotelOffers-daikon.inv.unary.scalar.OneOfScalar;AmadeusHotel_getMultiHotelOffers-Specific values;FP;TP;FP;0.9;776;281;1057;50;GPT-3.5
AmadeusHotel_getMultiHotelOffers;26;daikon.inv.unary.scalar.NonZero;Arithmetic comparisons;AmadeusHotel_getMultiHotelOffers-daikon.inv.unary.scalar.NonZero;AmadeusHotel_getMultiHotelOffers-Arithmetic comparisons;TP;TP;TP;0.9;656;246;902;10000;GPT-3.5
AmadeusHotel_getMultiHotelOffers;27;daikon.inv.unary.scalar.NonZero;Arithmetic comparisons;AmadeusHotel_getMultiHotelOffers-daikon.inv.unary.scalar.NonZero;AmadeusHotel_getMultiHotelOffers-Arithmetic comparisons;TP;TP;TP;0.9;619;198;817;10000;GPT-3.5
AmadeusHotel_getMultiHotelOffers;28;daikon.inv.unary.scalar.OneOfScalar;Specific values;AmadeusHotel_getMultiHotelOffers-daikon.inv.unary.scalar.OneOfScalar;AmadeusHotel_getMultiHotelOffers-Specific values;FP;FP;TN;1.0;703;233;936;10000;GPT-3.5
AmadeusHotel_getMultiHotelOffers;29;daikon.inv.unary.scalar.NonZero;Arithmetic comparisons;AmadeusHotel_getMultiHotelOffers-daikon.inv.unary.scalar.NonZero;AmadeusHotel_getMultiHotelOffers-Arithmetic comparisons;TP;TP;TP;0.9;623;221;844;10000;GPT-3.5
AmadeusHotel_getMultiHotelOffers;30;daikon.inv.unary.sequence.EltNonZero;Array properties;AmadeusHotel_getMultiHotelOffers-daikon.inv.unary.sequence.EltNonZero;AmadeusHotel_getMultiHotelOffers-Array properties;TP;TP;TP;0.95;870;212;1082;10000;GPT-3.5
AmadeusHotel_getMultiHotelOffers;31;daikon.inv.unary.scalar.OneOfScalar;Specific values;AmadeusHotel_getMultiHotelOffers-daikon.inv.unary.scalar.OneOfScalar;AmadeusHotel_getMultiHotelOffers-Specific values;FP;FP;TN;0.9;735;248;983;10000;GPT-3.5
AmadeusHotel_getMultiHotelOffers;32;daikon.inv.unary.string.OneOfString;Specific values;AmadeusHotel_getMultiHotelOffers-daikon.inv.unary.string.OneOfString;AmadeusHotel_getMultiHotelOffers-Specific values;FP;TP;FP;0.9;765;239;1004;100;GPT-3.5
AmadeusHotel_getMultiHotelOffers;33;daikon.inv.unary.sequence.EltNonZero;Array properties;AmadeusHotel_getMultiHotelOffers-daikon.inv.unary.sequence.EltNonZero;AmadeusHotel_getMultiHotelOffers-Array properties;TP;TP;TP;0.95;828;213;1041;10000;GPT-3.5
AmadeusHotel_getMultiHotelOffers;34;daikon.inv.unary.scalar.NonZero;Arithmetic comparisons;AmadeusHotel_getMultiHotelOffers-daikon.inv.unary.scalar.NonZero;AmadeusHotel_getMultiHotelOffers-Arithmetic comparisons;FP;TP;FP;0.9;623;243;866;500;GPT-3.5
AmadeusHotel_getMultiHotelOffers;35;daikon.inv.unary.string.OneOfString;Specific values;AmadeusHotel_getMultiHotelOffers-daikon.inv.unary.string.OneOfString;AmadeusHotel_getMultiHotelOffers-Specific values;FP;TP;FP;0.9;787;232;1019;10000;GPT-3.5
AmadeusHotel_getMultiHotelOffers;36;daikon.inv.unary.stringsequence.OneOfStringSequence;Specific values;AmadeusHotel_getMultiHotelOffers-daikon.inv.unary.stringsequence.OneOfStringSequence;AmadeusHotel_getMultiHotelOffers-Specific values;FP;TP;FP;0.8;954;288;1242;50;GPT-3.5
AmadeusHotel_getMultiHotelOffers;37;daikon.inv.unary.stringsequence.EltOneOfString;Specific values;AmadeusHotel_getMultiHotelOffers-daikon.inv.unary.stringsequence.EltOneOfString;AmadeusHotel_getMultiHotelOffers-Specific values;FP;TP;FP;0.9;967;254;1221;50;GPT-3.5
AmadeusHotel_getMultiHotelOffers;38;daikon.inv.unary.stringsequence.OneOfStringSequence;Specific values;AmadeusHotel_getMultiHotelOffers-daikon.inv.unary.stringsequence.OneOfStringSequence;AmadeusHotel_getMultiHotelOffers-Specific values;FP;TP;FP;0.9;908;228;1136;50;GPT-3.5
AmadeusHotel_getMultiHotelOffers;39;daikon.inv.unary.stringsequence.EltOneOfString;Specific values;AmadeusHotel_getMultiHotelOffers-daikon.inv.unary.stringsequence.EltOneOfString;AmadeusHotel_getMultiHotelOffers-Specific values;FP;TP;FP;0.9;1008;248;1256;10000;GPT-3.5
AmadeusHotel_getMultiHotelOffers;40;daikon.inv.unary.stringsequence.OneOfStringSequence;Specific values;AmadeusHotel_getMultiHotelOffers-daikon.inv.unary.stringsequence.OneOfStringSequence;AmadeusHotel_getMultiHotelOffers-Specific values;FP;TP;FP;0.9;998;304;1302;10000;GPT-3.5
AmadeusHotel_getMultiHotelOffers;41;daikon.inv.unary.scalar.OneOfScalar;Specific values;AmadeusHotel_getMultiHotelOffers-daikon.inv.unary.scalar.OneOfScalar;AmadeusHotel_getMultiHotelOffers-Specific values;FP;FP;TN;0.9;687;252;939;10000;GPT-3.5
AmadeusHotel_getMultiHotelOffers;42;daikon.inv.unary.scalar.OneOfScalar;Specific values;AmadeusHotel_getMultiHotelOffers-daikon.inv.unary.scalar.OneOfScalar;AmadeusHotel_getMultiHotelOffers-Specific values;FP;TP;FP;0.95;722;209;931;10000;GPT-3.5
AmadeusHotel_getMultiHotelOffers;43;daikon.inv.unary.scalar.OneOfScalar;Specific values;AmadeusHotel_getMultiHotelOffers-daikon.inv.unary.scalar.OneOfScalar;AmadeusHotel_getMultiHotelOffers-Specific values;FP;TP;FP;0.95;783;270;1053;10000;GPT-3.5
AmadeusHotel_getMultiHotelOffers;44;daikon.inv.unary.scalar.OneOfScalar;Specific values;AmadeusHotel_getMultiHotelOffers-daikon.inv.unary.scalar.OneOfScalar;AmadeusHotel_getMultiHotelOffers-Specific values;FP;TP;FP;0.9;669;265;934;50;GPT-3.5
AmadeusHotel_getMultiHotelOffers;45;daikon.inv.unary.string.OneOfString;Specific values;AmadeusHotel_getMultiHotelOffers-daikon.inv.unary.string.OneOfString;AmadeusHotel_getMultiHotelOffers-Specific values;TP;TP;TP;0.9;745;280;1025;10000;GPT-3.5
AmadeusHotel_getMultiHotelOffers;46;daikon.inv.unary.scalar.OneOfScalar;Specific values;AmadeusHotel_getMultiHotelOffers-daikon.inv.unary.scalar.OneOfScalar;AmadeusHotel_getMultiHotelOffers-Specific values;FP;TP;FP;0.9;753;254;1007;100;GPT-3.5
AmadeusHotel_getMultiHotelOffers;47;daikon.inv.unary.string.OneOfString;Specific values;AmadeusHotel_getMultiHotelOffers-daikon.inv.unary.string.OneOfString;AmadeusHotel_getMultiHotelOffers-Specific values;FP;TP;FP;0.9;806;372;1178;100;GPT-3.5
AmadeusHotel_getMultiHotelOffers;48;daikon.inv.unary.scalar.OneOfScalar;Specific values;AmadeusHotel_getMultiHotelOffers-daikon.inv.unary.scalar.OneOfScalar;AmadeusHotel_getMultiHotelOffers-Specific values;FP;TP;FP;0.95;662;240;902;10000;GPT-3.5
AmadeusHotel_getMultiHotelOffers;49;daikon.inv.unary.scalar.OneOfScalar;Specific values;AmadeusHotel_getMultiHotelOffers-daikon.inv.unary.scalar.OneOfScalar;AmadeusHotel_getMultiHotelOffers-Specific values;FP;TP;FP;0.95;705;198;903;10000;GPT-3.5
AmadeusHotel_getMultiHotelOffers;50;daikon.inv.unary.scalar.OneOfScalar;Specific values;AmadeusHotel_getMultiHotelOffers-daikon.inv.unary.scalar.OneOfScalar;AmadeusHotel_getMultiHotelOffers-Specific values;FP;TP;FP;0.9;705;223;928;10000;GPT-3.5
AmadeusHotel_getMultiHotelOffers;51;daikon.inv.unary.scalar.OneOfScalar;Specific values;AmadeusHotel_getMultiHotelOffers-daikon.inv.unary.scalar.OneOfScalar;AmadeusHotel_getMultiHotelOffers-Specific values;FP;TP;FP;0.9;1098;259;1357;10000;GPT-3.5
AmadeusHotel_getMultiHotelOffers;52;daikon.inv.unary.scalar.LowerBound;Specific values;AmadeusHotel_getMultiHotelOffers-daikon.inv.unary.scalar.LowerBound;AmadeusHotel_getMultiHotelOffers-Specific values;TP;TP;TP;0.95;1074;258;1332;10000;GPT-3.5
AmadeusHotel_getMultiHotelOffers;53;daikon.inv.unary.scalar.OneOfScalar;Specific values;AmadeusHotel_getMultiHotelOffers-daikon.inv.unary.scalar.OneOfScalar;AmadeusHotel_getMultiHotelOffers-Specific values;FP;FP;TN;0.7;951;233;1184;50;GPT-3.5
AmadeusHotel_getMultiHotelOffers;54;daikon.inv.unary.scalar.OneOfScalar;Specific values;AmadeusHotel_getMultiHotelOffers-daikon.inv.unary.scalar.OneOfScalar;AmadeusHotel_getMultiHotelOffers-Specific values;FP;TP;FP;0.9;906;299;1205;100;GPT-3.5
AmadeusHotel_getMultiHotelOffers;55;daikon.inv.unary.scalar.OneOfScalar;Specific values;AmadeusHotel_getMultiHotelOffers-daikon.inv.unary.scalar.OneOfScalar;AmadeusHotel_getMultiHotelOffers-Specific values;FP;TP;FP;0.9;987;227;1214;10000;GPT-3.5
AmadeusHotel_getMultiHotelOffers;56;daikon.inv.unary.scalar.OneOfScalar;Specific values;AmadeusHotel_getMultiHotelOffers-daikon.inv.unary.scalar.OneOfScalar;AmadeusHotel_getMultiHotelOffers-Specific values;FP;FP;TN;0.9;969;318;1287;50;GPT-3.5
AmadeusHotel_getMultiHotelOffers;57;daikon.inv.unary.scalar.OneOfScalar;Specific values;AmadeusHotel_getMultiHotelOffers-daikon.inv.unary.scalar.OneOfScalar;AmadeusHotel_getMultiHotelOffers-Specific values;FP;FP;TN;0.9;971;288;1259;50;GPT-3.5
AmadeusHotel_getMultiHotelOffers;58;daikon.inv.binary.twoScalar.IntGreaterEqual;Arithmetic comparisons;AmadeusHotel_getMultiHotelOffers-daikon.inv.binary.twoScalar.IntGreaterEqual;AmadeusHotel_getMultiHotelOffers-Arithmetic comparisons;FP;TP;FP;0.9;1180;256;1436;500;GPT-3.5
AmadeusHotel_getMultiHotelOffers;59;daikon.inv.binary.twoScalar.IntLessEqual;Arithmetic comparisons;AmadeusHotel_getMultiHotelOffers-daikon.inv.binary.twoScalar.IntLessEqual;AmadeusHotel_getMultiHotelOffers-Arithmetic comparisons;FP;TP;FP;0.95;1019;289;1308;100;GPT-3.5
AmadeusHotel_getMultiHotelOffers;60;daikon.inv.binary.twoScalar.IntGreaterEqual;Arithmetic comparisons;AmadeusHotel_getMultiHotelOffers-daikon.inv.binary.twoScalar.IntGreaterEqual;AmadeusHotel_getMultiHotelOffers-Arithmetic comparisons;FP;TP;FP;0.9;1096;366;1462;100;GPT-3.5
AmadeusHotel_getMultiHotelOffers;61;daikon.inv.binary.twoScalar.IntGreaterEqual;Arithmetic comparisons;AmadeusHotel_getMultiHotelOffers-daikon.inv.binary.twoScalar.IntGreaterEqual;AmadeusHotel_getMultiHotelOffers-Arithmetic comparisons;FP;TP;FP;0.9;854;314;1168;100;GPT-3.5
AmadeusHotel_getMultiHotelOffers;62;daikon.inv.binary.twoScalar.IntNonEqual;Arithmetic comparisons;AmadeusHotel_getMultiHotelOffers-daikon.inv.binary.twoScalar.IntNonEqual;AmadeusHotel_getMultiHotelOffers-Arithmetic comparisons;FP;TP;FP;0.95;1157;313;1470;100;GPT-3.5
AmadeusHotel_getMultiHotelOffers;63;daikon.inv.binary.twoScalar.IntGreaterEqual;Arithmetic comparisons;AmadeusHotel_getMultiHotelOffers-daikon.inv.binary.twoScalar.IntGreaterEqual;AmadeusHotel_getMultiHotelOffers-Arithmetic comparisons;FP;TP;FP;0.95;1159;299;1458;100;GPT-3.5
AmadeusHotel_getMultiHotelOffers;64;daikon.inv.binary.twoScalar.IntNonEqual;Arithmetic comparisons;AmadeusHotel_getMultiHotelOffers-daikon.inv.binary.twoScalar.IntNonEqual;AmadeusHotel_getMultiHotelOffers-Arithmetic comparisons;FP;TP;FP;0.9;1103;298;1401;100;GPT-3.5
AmadeusHotel_getMultiHotelOffers;65;daikon.inv.binary.twoScalar.IntGreaterEqual;Arithmetic comparisons;AmadeusHotel_getMultiHotelOffers-daikon.inv.binary.twoScalar.IntGreaterEqual;AmadeusHotel_getMultiHotelOffers-Arithmetic comparisons;FP;TP;FP;0.9;1071;306;1377;100;GPT-3.5
AmadeusHotel_getMultiHotelOffers;66;daikon.inv.binary.sequenceString.MemberString;Array properties;AmadeusHotel_getMultiHotelOffers-daikon.inv.binary.sequenceString.MemberString;AmadeusHotel_getMultiHotelOffers-Array properties;FP;FP;TN;0.9;799;221;1020;100;GPT-3.5
AmadeusHotel_getMultiHotelOffers;67;daikon.inv.binary.sequenceString.MemberString;Array properties;AmadeusHotel_getMultiHotelOffers-daikon.inv.binary.sequenceString.MemberString;AmadeusHotel_getMultiHotelOffers-Array properties;FP;TP;FP;0.9;927;183;1110;100;GPT-3.5
AmadeusHotel_getMultiHotelOffers;68;daikon.inv.binary.sequenceString.MemberString;Array properties;AmadeusHotel_getMultiHotelOffers-daikon.inv.binary.sequenceString.MemberString;AmadeusHotel_getMultiHotelOffers-Array properties;FP;TP;FP;0.9;806;202;1008;100;GPT-3.5
AmadeusHotel_getMultiHotelOffers;69;daikon.inv.binary.sequenceString.MemberString;Array properties;AmadeusHotel_getMultiHotelOffers-daikon.inv.binary.sequenceString.MemberString;AmadeusHotel_getMultiHotelOffers-Array properties;FP;TP;FP;0.9;934;201;1135;100;GPT-3.5
AmadeusHotel_getMultiHotelOffers;70;daikon.inv.binary.twoScalar.IntGreaterEqual;Arithmetic comparisons;AmadeusHotel_getMultiHotelOffers-daikon.inv.binary.twoScalar.IntGreaterEqual;AmadeusHotel_getMultiHotelOffers-Arithmetic comparisons;FP;TP;FP;0.9;1203;340;1543;100;GPT-3.5
AmadeusHotel_getMultiHotelOffers;71;daikon.inv.binary.twoScalar.IntLessThan;Arithmetic comparisons;AmadeusHotel_getMultiHotelOffers-daikon.inv.binary.twoScalar.IntLessThan;AmadeusHotel_getMultiHotelOffers-Arithmetic comparisons;FP;TP;FP;0.9;1060;281;1341;500;GPT-3.5
AmadeusHotel_getMultiHotelOffers;72;daikon.inv.binary.twoScalar.IntGreaterEqual;Arithmetic comparisons;AmadeusHotel_getMultiHotelOffers-daikon.inv.binary.twoScalar.IntGreaterEqual;AmadeusHotel_getMultiHotelOffers-Arithmetic comparisons;FP;TP;FP;0.9;1051;348;1399;50;GPT-3.5
AmadeusHotel_getMultiHotelOffers;73;daikon.inv.binary.sequenceString.MemberString;Array properties;AmadeusHotel_getMultiHotelOffers-daikon.inv.binary.sequenceString.MemberString;AmadeusHotel_getMultiHotelOffers-Array properties;FP;TP;FP;0.95;861;241;1102;100;GPT-3.5
AmadeusHotel_getMultiHotelOffers;74;daikon.inv.binary.sequenceString.MemberString;Array properties;AmadeusHotel_getMultiHotelOffers-daikon.inv.binary.sequenceString.MemberString;AmadeusHotel_getMultiHotelOffers-Array properties;FP;FP;TN;0.9;989;286;1275;100;GPT-3.5
AmadeusHotel_getMultiHotelOffers;75;daikon.inv.binary.sequenceString.MemberString;Array properties;AmadeusHotel_getMultiHotelOffers-daikon.inv.binary.sequenceString.MemberString;AmadeusHotel_getMultiHotelOffers-Array properties;FP;TP;FP;0.95;816;312;1128;10000;GPT-3.5
AmadeusHotel_getMultiHotelOffers;76;daikon.inv.binary.sequenceString.MemberString;Array properties;AmadeusHotel_getMultiHotelOffers-daikon.inv.binary.sequenceString.MemberString;AmadeusHotel_getMultiHotelOffers-Array properties;FP;TP;FP;0.95;944;220;1164;10000;GPT-3.5
AmadeusHotel_getMultiHotelOffers;77;daikon.inv.binary.sequenceString.MemberString;Array properties;AmadeusHotel_getMultiHotelOffers-daikon.inv.binary.sequenceString.MemberString;AmadeusHotel_getMultiHotelOffers-Array properties;FP;FP;TN;0.9;822;307;1129;100;GPT-3.5
AmadeusHotel_getMultiHotelOffers;78;daikon.inv.binary.sequenceString.MemberString;Array properties;AmadeusHotel_getMultiHotelOffers-daikon.inv.binary.sequenceString.MemberString;AmadeusHotel_getMultiHotelOffers-Array properties;FP;TP;FP;0.9;805;265;1070;100;GPT-3.5
AmadeusHotel_getMultiHotelOffers;79;daikon.inv.binary.sequenceString.MemberString;Array properties;AmadeusHotel_getMultiHotelOffers-daikon.inv.binary.sequenceString.MemberString;AmadeusHotel_getMultiHotelOffers-Array properties;FP;TP;FP;0.9;847;281;1128;100;GPT-3.5
AmadeusHotel_getMultiHotelOffers;80;daikon.inv.binary.sequenceString.MemberString;Array properties;AmadeusHotel_getMultiHotelOffers-daikon.inv.binary.sequenceString.MemberString;AmadeusHotel_getMultiHotelOffers-Array properties;FP;FP;TN;0.9;950;205;1155;100;GPT-3.5
AmadeusHotel_getMultiHotelOffers;81;daikon.inv.binary.sequenceString.MemberString;Array properties;AmadeusHotel_getMultiHotelOffers-daikon.inv.binary.sequenceString.MemberString;AmadeusHotel_getMultiHotelOffers-Array properties;FP;TP;FP;0.9;933;225;1158;100;GPT-3.5
AmadeusHotel_getMultiHotelOffers;82;daikon.inv.binary.sequenceString.MemberString;Array properties;AmadeusHotel_getMultiHotelOffers-daikon.inv.binary.sequenceString.MemberString;AmadeusHotel_getMultiHotelOffers-Array properties;FP;FP;TN;0.9;975;219;1194;100;GPT-3.5
AmadeusHotel_getMultiHotelOffers;83;daikon.inv.binary.twoScalar.IntGreaterEqual;Arithmetic comparisons;AmadeusHotel_getMultiHotelOffers-daikon.inv.binary.twoScalar.IntGreaterEqual;AmadeusHotel_getMultiHotelOffers-Arithmetic comparisons;FP;TP;FP;0.95;1211;307;1518;500;GPT-3.5
AmadeusHotel_getMultiHotelOffers;84;daikon.inv.binary.twoScalar.IntLessEqual;Arithmetic comparisons;AmadeusHotel_getMultiHotelOffers-daikon.inv.binary.twoScalar.IntLessEqual;AmadeusHotel_getMultiHotelOffers-Arithmetic comparisons;FP;TP;FP;0.9;1122;289;1411;100;GPT-3.5
AmadeusHotel_getMultiHotelOffers;85;daikon.inv.binary.twoScalar.IntGreaterEqual;Arithmetic comparisons;AmadeusHotel_getMultiHotelOffers-daikon.inv.binary.twoScalar.IntGreaterEqual;AmadeusHotel_getMultiHotelOffers-Arithmetic comparisons;FP;TP;FP;0.9;1147;285;1432;100;GPT-3.5
AmadeusHotel_getMultiHotelOffers;86;daikon.inv.binary.twoScalar.IntGreaterEqual;Arithmetic comparisons;AmadeusHotel_getMultiHotelOffers-daikon.inv.binary.twoScalar.IntGreaterEqual;AmadeusHotel_getMultiHotelOffers-Arithmetic comparisons;FP;FP;TN;0.6;1151;340;1491;100;GPT-3.5
AmadeusHotel_getMultiHotelOffers;87;daikon.inv.binary.twoScalar.IntLessEqual;Arithmetic comparisons;AmadeusHotel_getMultiHotelOffers-daikon.inv.binary.twoScalar.IntLessEqual;AmadeusHotel_getMultiHotelOffers-Arithmetic comparisons;FP;TP;FP;0.95;1242;280;1522;10000;GPT-3.5
AmadeusHotel_getMultiHotelOffers;88;daikon.inv.binary.twoScalar.IntGreaterEqual;Arithmetic comparisons;AmadeusHotel_getMultiHotelOffers-daikon.inv.binary.twoScalar.IntGreaterEqual;AmadeusHotel_getMultiHotelOffers-Arithmetic comparisons;FP;TP;FP;0.9;1149;267;1416;100;GPT-3.5
AmadeusHotel_getMultiHotelOffers;89;daikon.inv.binary.twoScalar.IntNonEqual;Arithmetic comparisons;AmadeusHotel_getMultiHotelOffers-daikon.inv.binary.twoScalar.IntNonEqual;AmadeusHotel_getMultiHotelOffers-Arithmetic comparisons;FP;FP;TN;0.9;1073;248;1321;50;GPT-3.5
AmadeusHotel_getMultiHotelOffers;90;daikon.inv.binary.twoScalar.IntGreaterEqual;Arithmetic comparisons;AmadeusHotel_getMultiHotelOffers-daikon.inv.binary.twoScalar.IntGreaterEqual;AmadeusHotel_getMultiHotelOffers-Arithmetic comparisons;FP;TP;FP;0.9;1153;290;1443;100;GPT-3.5
AmadeusHotel_getMultiHotelOffers;91;daikon.inv.binary.twoScalar.IntLessEqual;Arithmetic comparisons;AmadeusHotel_getMultiHotelOffers-daikon.inv.binary.twoScalar.IntLessEqual;AmadeusHotel_getMultiHotelOffers-Arithmetic comparisons;FP;TP;FP;0.9;979;235;1214;100;GPT-3.5
AmadeusHotel_getMultiHotelOffers;92;daikon.inv.binary.twoScalar.IntGreaterEqual;Arithmetic comparisons;AmadeusHotel_getMultiHotelOffers-daikon.inv.binary.twoScalar.IntGreaterEqual;AmadeusHotel_getMultiHotelOffers-Arithmetic comparisons;FP;TP;FP;0.9;1387;234;1621;50;GPT-3.5
AmadeusHotel_getMultiHotelOffers;93;daikon.inv.binary.twoScalar.IntLessEqual;Arithmetic comparisons;AmadeusHotel_getMultiHotelOffers-daikon.inv.binary.twoScalar.IntLessEqual;AmadeusHotel_getMultiHotelOffers-Arithmetic comparisons;FP;TP;FP;0.9;983;294;1277;100;GPT-3.5
AmadeusHotel_getMultiHotelOffers;94;daikon.inv.binary.twoScalar.IntGreaterEqual;Arithmetic comparisons;AmadeusHotel_getMultiHotelOffers-daikon.inv.binary.twoScalar.IntGreaterEqual;AmadeusHotel_getMultiHotelOffers-Arithmetic comparisons;FP;TP;FP;0.9;1391;295;1686;50;GPT-3.5
AmadeusHotel_getMultiHotelOffers;95;daikon.inv.binary.twoScalar.IntGreaterThan;Arithmetic comparisons;AmadeusHotel_getMultiHotelOffers-daikon.inv.binary.twoScalar.IntGreaterThan;AmadeusHotel_getMultiHotelOffers-Arithmetic comparisons;FP;TP;FP;0.95;1205;346;1551;1000;GPT-3.5
AmadeusHotel_getMultiHotelOffers;96;daikon.inv.unary.string.OneOfString;Specific values;AmadeusHotel_getMultiHotelOffers-daikon.inv.unary.string.OneOfString;AmadeusHotel_getMultiHotelOffers-Specific values;TP;TP;TP;0.95;681;299;980;10000;GPT-3.5
AmadeusHotel_getMultiHotelOffers;97;daikon.inv.unary.sequence.EltNonZero;Array properties;AmadeusHotel_getMultiHotelOffers-daikon.inv.unary.sequence.EltNonZero;AmadeusHotel_getMultiHotelOffers-Array properties;TP;TP;TP;0.9;1013;273;1286;10000;GPT-3.5
AmadeusHotel_getMultiHotelOffers;98;daikon.inv.unary.scalar.NonZero;Arithmetic comparisons;AmadeusHotel_getMultiHotelOffers-daikon.inv.unary.scalar.NonZero;AmadeusHotel_getMultiHotelOffers-Arithmetic comparisons;TP;TP;TP;0.9;611;243;854;10000;GPT-3.5
AmadeusHotel_getMultiHotelOffers;99;daikon.inv.unary.string.OneOfString;Specific values;AmadeusHotel_getMultiHotelOffers-daikon.inv.unary.string.OneOfString;AmadeusHotel_getMultiHotelOffers-Specific values;TP;TP;TP;0.9;690;222;912;10000;GPT-3.5
AmadeusHotel_getMultiHotelOffers;100;daikon.inv.unary.scalar.LowerBound;Specific values;AmadeusHotel_getMultiHotelOffers-daikon.inv.unary.scalar.LowerBound;AmadeusHotel_getMultiHotelOffers-Specific values;TP;TP;TP;0.9;1022;234;1256;10000;GPT-3.5
AmadeusHotel_getMultiHotelOffers;101;daikon.inv.binary.sequenceString.MemberString;Array properties;AmadeusHotel_getMultiHotelOffers-daikon.inv.binary.sequenceString.MemberString;AmadeusHotel_getMultiHotelOffers-Array properties;TP;TP;TP;0.95;962;263;1225;10000;GPT-3.5
AmadeusHotel_getMultiHotelOffers;102;daikon.inv.binary.twoScalar.IntNonEqual;Arithmetic comparisons;AmadeusHotel_getMultiHotelOffers-daikon.inv.binary.twoScalar.IntNonEqual;AmadeusHotel_getMultiHotelOffers-Arithmetic comparisons;FP;FP;TN;0.9;1081;289;1370;100;GPT-3.5
AmadeusHotel_getMultiHotelOffers;103;daikon.inv.binary.twoScalar.IntNonEqual;Arithmetic comparisons;AmadeusHotel_getMultiHotelOffers-daikon.inv.binary.twoScalar.IntNonEqual;AmadeusHotel_getMultiHotelOffers-Arithmetic comparisons;FP;FP;TN;0.9;1067;316;1383;100;GPT-3.5
AmadeusHotel_getMultiHotelOffers;104;daikon.inv.binary.twoScalar.FloatNonEqual;Arithmetic comparisons;AmadeusHotel_getMultiHotelOffers-daikon.inv.binary.twoScalar.FloatNonEqual;AmadeusHotel_getMultiHotelOffers-Arithmetic comparisons;FP;TP;FP;0.95;780;204;984;10000;GPT-3.5
AmadeusHotel_getMultiHotelOffers;105;daikon.inv.unary.scalar.NonZero;Arithmetic comparisons;AmadeusHotel_getMultiHotelOffers-daikon.inv.unary.scalar.NonZero;AmadeusHotel_getMultiHotelOffers-Arithmetic comparisons;TP;TP;TP;0.9;617;210;827;10000;GPT-3.5
AmadeusHotel_getMultiHotelOffers;106;daikon.inv.unary.sequence.EltNonZero;Array properties;AmadeusHotel_getMultiHotelOffers-daikon.inv.unary.sequence.EltNonZero;AmadeusHotel_getMultiHotelOffers-Array properties;TP;TP;TP;0.9;627;218;845;10000;GPT-3.5
AmadeusHotel_getMultiHotelOffers;107;daikon.inv.binary.twoScalar.IntGreaterEqual;Arithmetic comparisons;AmadeusHotel_getMultiHotelOffers-daikon.inv.binary.twoScalar.IntGreaterEqual;AmadeusHotel_getMultiHotelOffers-Arithmetic comparisons;TP;TP;TP;0.95;693;227;920;10000;GPT-3.5
AmadeusHotel_getMultiHotelOffers;108;daikon.inv.binary.twoScalar.IntGreaterEqual;Arithmetic comparisons;AmadeusHotel_getMultiHotelOffers-daikon.inv.binary.twoScalar.IntGreaterEqual;AmadeusHotel_getMultiHotelOffers-Arithmetic comparisons;TP;TP;TP;0.95;697;260;957;10000;GPT-3.5
AmadeusHotel_getMultiHotelOffers;109;daikon.inv.unary.string.IsNumeric;Specific formats;AmadeusHotel_getMultiHotelOffers-daikon.inv.unary.string.IsNumeric;AmadeusHotel_getMultiHotelOffers-Specific formats;TP;TP;TP;0.9;747;221;968;10000;GPT-3.5
AmadeusHotel_getMultiHotelOffers;110;daikon.inv.unary.string.FixedLengthString;Specific formats;AmadeusHotel_getMultiHotelOffers-daikon.inv.unary.string.FixedLengthString;AmadeusHotel_getMultiHotelOffers-Specific formats;TP;TP;TP;0.95;778;186;964;10000;GPT-3.5
AmadeusHotel_getMultiHotelOffers;111;daikon.inv.unary.string.FixedLengthString;Specific formats;AmadeusHotel_getMultiHotelOffers-daikon.inv.unary.string.FixedLengthString;AmadeusHotel_getMultiHotelOffers-Specific formats;FP;TP;FP;0.9;773;272;1045;50;GPT-3.5
AmadeusHotel_getMultiHotelOffers;112;daikon.inv.unary.string.IsNumeric;Specific formats;AmadeusHotel_getMultiHotelOffers-daikon.inv.unary.string.IsNumeric;AmadeusHotel_getMultiHotelOffers-Specific formats;TP;TP;TP;0.95;769;258;1027;10000;GPT-3.5
AmadeusHotel_getMultiHotelOffers;113;daikon.inv.unary.string.dates.IsDateYYYYMMDD;Specific formats;AmadeusHotel_getMultiHotelOffers-daikon.inv.unary.string.dates.IsDateYYYYMMDD;AmadeusHotel_getMultiHotelOffers-Specific formats;TP;FP;FN;1.0;864;193;1057;10000;GPT-3.5
AmadeusHotel_getMultiHotelOffers;114;daikon.inv.unary.string.dates.IsDateYYYYMMDD;Specific formats;AmadeusHotel_getMultiHotelOffers-daikon.inv.unary.string.dates.IsDateYYYYMMDD;AmadeusHotel_getMultiHotelOffers-Specific formats;TP;FP;FN;0.9;864;239;1103;10000;GPT-3.5
AmadeusHotel_getMultiHotelOffers;115;daikon.inv.unary.string.IsNumeric;Specific formats;AmadeusHotel_getMultiHotelOffers-daikon.inv.unary.string.IsNumeric;AmadeusHotel_getMultiHotelOffers-Specific formats;TP;TP;TP;0.95;806;274;1080;10000;GPT-3.5
AmadeusHotel_getMultiHotelOffers;116;daikon.inv.unary.string.IsNumeric;Specific formats;AmadeusHotel_getMultiHotelOffers-daikon.inv.unary.string.IsNumeric;AmadeusHotel_getMultiHotelOffers-Specific formats;TP;TP;TP;0.9;796;244;1040;10000;GPT-3.5
AmadeusHotel_getMultiHotelOffers;117;daikon.inv.unary.string.FixedLengthString;Specific formats;AmadeusHotel_getMultiHotelOffers-daikon.inv.unary.string.FixedLengthString;AmadeusHotel_getMultiHotelOffers-Specific formats;TP;FP;FN;0.9;802;207;1009;10000;GPT-3.5
AmadeusHotel_getMultiHotelOffers;118;daikon.inv.unary.string.dates.IsDateYYYYMMDD;Specific formats;AmadeusHotel_getMultiHotelOffers-daikon.inv.unary.string.dates.IsDateYYYYMMDD;AmadeusHotel_getMultiHotelOffers-Specific formats;TP;FP;FN;1.0;779;167;946;10000;GPT-3.5
AmadeusHotel_getMultiHotelOffers;119;daikon.inv.unary.string.dates.IsDateYYYYMMDD;Specific formats;AmadeusHotel_getMultiHotelOffers-daikon.inv.unary.string.dates.IsDateYYYYMMDD;AmadeusHotel_getMultiHotelOffers-Specific formats;TP;FP;FN;0.9;808;263;1071;10000;GPT-3.5
AmadeusHotel_getMultiHotelOffers;120;daikon.inv.unary.string.FixedLengthString;Specific formats;AmadeusHotel_getMultiHotelOffers-daikon.inv.unary.string.FixedLengthString;AmadeusHotel_getMultiHotelOffers-Specific formats;FP;TP;FP;0.9;711;179;890;10000;GPT-3.5
AmadeusHotel_getMultiHotelOffers;121;daikon.inv.unary.string.IsNumeric;Specific formats;AmadeusHotel_getMultiHotelOffers-daikon.inv.unary.string.IsNumeric;AmadeusHotel_getMultiHotelOffers-Specific formats;TP;TP;TP;0.9;705;285;990;10000;GPT-3.5
AmadeusHotel_getMultiHotelOffers;122;daikon.inv.unary.string.FixedLengthString;Specific formats;AmadeusHotel_getMultiHotelOffers-daikon.inv.unary.string.FixedLengthString;AmadeusHotel_getMultiHotelOffers-Specific formats;TP;TP;TP;0.95;919;290;1209;10000;GPT-3.5
AmadeusHotel_getMultiHotelOffers;123;daikon.inv.unary.string.FixedLengthString;Specific formats;AmadeusHotel_getMultiHotelOffers-daikon.inv.unary.string.FixedLengthString;AmadeusHotel_getMultiHotelOffers-Specific formats;TP;TP;TP;0.9;778;221;999;10000;GPT-3.5
AmadeusHotel_getMultiHotelOffers;124;daikon.inv.unary.string.FixedLengthString;Specific formats;AmadeusHotel_getMultiHotelOffers-daikon.inv.unary.string.FixedLengthString;AmadeusHotel_getMultiHotelOffers-Specific formats;TP;TP;TP;0.9;740;282;1022;10000;GPT-3.5
AmadeusHotel_getMultiHotelOffers;125;daikon.inv.unary.string.IsNumeric;Specific formats;AmadeusHotel_getMultiHotelOffers-daikon.inv.unary.string.IsNumeric;AmadeusHotel_getMultiHotelOffers-Specific formats;TP;TP;TP;0.95;740;292;1032;10000;GPT-3.5
AmadeusHotel_getMultiHotelOffers;126;daikon.inv.unary.string.FixedLengthString;Specific formats;AmadeusHotel_getMultiHotelOffers-daikon.inv.unary.string.FixedLengthString;AmadeusHotel_getMultiHotelOffers-Specific formats;FP;FP;TN;0.8;767;262;1029;100;GPT-3.5
AmadeusHotel_getMultiHotelOffers;127;daikon.inv.unary.string.FixedLengthString;Specific formats;AmadeusHotel_getMultiHotelOffers-daikon.inv.unary.string.FixedLengthString;AmadeusHotel_getMultiHotelOffers-Specific formats;TP;TP;TP;0.9;789;178;967;10000;GPT-3.5
AmadeusHotel_getMultiHotelOffers;128;daikon.inv.unary.string.FixedLengthString;Specific formats;AmadeusHotel_getMultiHotelOffers-daikon.inv.unary.string.FixedLengthString;AmadeusHotel_getMultiHotelOffers-Specific formats;TP;TP;TP;0.95;764;274;1038;10000;GPT-3.5
AmadeusHotel_getMultiHotelOffers;129;daikon.inv.unary.string.FixedLengthString;Specific formats;AmadeusHotel_getMultiHotelOffers-daikon.inv.unary.string.FixedLengthString;AmadeusHotel_getMultiHotelOffers-Specific formats;TP;TP;TP;0.9;724;192;916;10000;GPT-3.5
AmadeusHotel_getMultiHotelOffers;130;daikon.inv.unary.string.IsNumeric;Specific formats;AmadeusHotel_getMultiHotelOffers-daikon.inv.unary.string.IsNumeric;AmadeusHotel_getMultiHotelOffers-Specific formats;TP;TP;TP;0.95;728;332;1060;10000;GPT-3.5
AmadeusHotel_getMultiHotelOffers;131;daikon.inv.unary.string.IsNumeric;Specific formats;AmadeusHotel_getMultiHotelOffers-daikon.inv.unary.string.IsNumeric;AmadeusHotel_getMultiHotelOffers-Specific formats;TP;TP;TP;0.95;717;199;916;10000;GPT-3.5
AmadeusHotel_getMultiHotelOffers;132;daikon.inv.unary.string.IsNumeric;Specific formats;AmadeusHotel_getMultiHotelOffers-daikon.inv.unary.string.IsNumeric;AmadeusHotel_getMultiHotelOffers-Specific formats;TP;TP;TP;0.9;781;235;1016;10000;GPT-3.5
AmadeusHotel_getMultiHotelOffers;133;daikon.inv.unary.stringsequence.SequenceFixedLengthString;Specific formats;AmadeusHotel_getMultiHotelOffers-daikon.inv.unary.stringsequence.SequenceFixedLengthString;AmadeusHotel_getMultiHotelOffers-Specific formats;TP;TP;TP;0.95;929;298;1227;10000;GPT-3.5
AmadeusHotel_getMultiHotelOffers;134;daikon.inv.unary.stringsequence.SequenceFixedLengthString;Specific formats;AmadeusHotel_getMultiHotelOffers-daikon.inv.unary.stringsequence.SequenceFixedLengthString;AmadeusHotel_getMultiHotelOffers-Specific formats;FP;FP;TN;0.9;937;229;1166;50;GPT-3.5
AmadeusHotel_getMultiHotelOffers;135;daikon.inv.unary.stringsequence.SequenceFixedLengthString;Specific formats;AmadeusHotel_getMultiHotelOffers-daikon.inv.unary.stringsequence.SequenceFixedLengthString;AmadeusHotel_getMultiHotelOffers-Specific formats;TP;TP;TP;0.9;939;240;1179;10000;GPT-3.5
AmadeusHotel_getMultiHotelOffers;136;daikon.inv.unary.string.FixedLengthString;Specific formats;AmadeusHotel_getMultiHotelOffers-daikon.inv.unary.string.FixedLengthString;AmadeusHotel_getMultiHotelOffers-Specific formats;TP;TP;TP;0.95;718;256;974;10000;GPT-3.5
AmadeusHotel_getMultiHotelOffers;137;daikon.inv.unary.string.IsNumeric;Specific formats;AmadeusHotel_getMultiHotelOffers-daikon.inv.unary.string.IsNumeric;AmadeusHotel_getMultiHotelOffers-Specific formats;TP;TP;TP;0.95;755;312;1067;10000;GPT-3.5
AmadeusHotel_getMultiHotelOffers;138;daikon.inv.unary.string.FixedLengthString;Specific formats;AmadeusHotel_getMultiHotelOffers-daikon.inv.unary.string.FixedLengthString;AmadeusHotel_getMultiHotelOffers-Specific formats;TP;TP;TP;0.95;946;201;1147;10000;GPT-3.5
AmadeusHotel_getMultiHotelOffers;139;daikon.inv.unary.string.IsUrl;Specific formats;AmadeusHotel_getMultiHotelOffers-daikon.inv.unary.string.IsUrl;AmadeusHotel_getMultiHotelOffers-Specific formats;TP;TP;TP;0.95;884;206;1090;10000;GPT-3.5
AmadeusHotel_getMultiHotelOffers;140;daikon.inv.binary.twoString.StdString$SubString;String comparisons;AmadeusHotel_getMultiHotelOffers-daikon.inv.binary.twoString.StdString$SubString;AmadeusHotel_getMultiHotelOffers-String comparisons;TP;TP;TP;0.95;1008;251;1259;10000;GPT-3.5
AmadeusHotel_getMultiHotelOffers;141;daikon.inv.binary.twoString.StdString$SubString;String comparisons;AmadeusHotel_getMultiHotelOffers-daikon.inv.binary.twoString.StdString$SubString;AmadeusHotel_getMultiHotelOffers-String comparisons;TP;TP;TP;0.9;1055;221;1276;10000;GPT-3.5
AmadeusHotel_getMultiHotelOffers;142;daikon.inv.binary.twoString.StdString$SubString;String comparisons;AmadeusHotel_getMultiHotelOffers-daikon.inv.binary.twoString.StdString$SubString;AmadeusHotel_getMultiHotelOffers-String comparisons;FP;TP;FP;0.9;793;336;1129;100;GPT-3.5
AmadeusHotel_getMultiHotelOffers;143;daikon.inv.unary.string.FixedLengthString;Specific formats;AmadeusHotel_getMultiHotelOffers-daikon.inv.unary.string.FixedLengthString;AmadeusHotel_getMultiHotelOffers-Specific formats;TP;TP;TP;0.9;654;271;925;10000;GPT-3.5
AmadeusHotel_getMultiHotelOffers;144;daikon.inv.unary.string.IsUrl;Specific formats;AmadeusHotel_getMultiHotelOffers-daikon.inv.unary.string.IsUrl;AmadeusHotel_getMultiHotelOffers-Specific formats;TP;TP;TP;0.95;931;239;1170;10000;GPT-3.5
AmadeusHotel_getMultiHotelOffers;145;daikon.inv.unary.string.FixedLengthString;Specific formats;AmadeusHotel_getMultiHotelOffers-daikon.inv.unary.string.FixedLengthString;AmadeusHotel_getMultiHotelOffers-Specific formats;TP;TP;TP;0.95;753;182;935;10000;GPT-3.5
AmadeusHotel_getMultiHotelOffers;146;daikon.inv.unary.string.FixedLengthString;Specific formats;AmadeusHotel_getMultiHotelOffers-daikon.inv.unary.string.FixedLengthString;AmadeusHotel_getMultiHotelOffers-Specific formats;TP;TP;TP;0.9;737;237;974;10000;GPT-3.5
AmadeusHotel_getMultiHotelOffers;147;daikon.inv.unary.string.FixedLengthString;Specific formats;AmadeusHotel_getMultiHotelOffers-daikon.inv.unary.string.FixedLengthString;AmadeusHotel_getMultiHotelOffers-Specific formats;TP;TP;TP;0.95;773;221;994;10000;GPT-3.5
AmadeusHotel_getMultiHotelOffers;148;daikon.inv.unary.string.IsNumeric;Specific formats;AmadeusHotel_getMultiHotelOffers-daikon.inv.unary.string.IsNumeric;AmadeusHotel_getMultiHotelOffers-Specific formats;TP;TP;TP;0.9;767;235;1002;10000;GPT-3.5
AmadeusHotel_getMultiHotelOffers;149;daikon.inv.unary.string.FixedLengthString;Specific formats;AmadeusHotel_getMultiHotelOffers-daikon.inv.unary.string.FixedLengthString;AmadeusHotel_getMultiHotelOffers-Specific formats;TP;TP;TP;0.9;741;273;1014;10000;GPT-3.5
AmadeusHotel_getMultiHotelOffers;150;daikon.inv.unary.string.FixedLengthString;Specific formats;AmadeusHotel_getMultiHotelOffers-daikon.inv.unary.string.FixedLengthString;AmadeusHotel_getMultiHotelOffers-Specific formats;TP;FP;FN;0.9;665;232;897;10000;GPT-3.5
AmadeusHotel_getMultiHotelOffers;151;daikon.inv.binary.twoString.StdString$SubString;String comparisons;AmadeusHotel_getMultiHotelOffers-daikon.inv.binary.twoString.StdString$SubString;AmadeusHotel_getMultiHotelOffers-String comparisons;TP;TP;TP;0.95;1072;232;1304;10000;GPT-3.5
AmadeusHotel_getMultiHotelOffers;152;daikon.inv.binary.twoString.StdString$SubString;String comparisons;AmadeusHotel_getMultiHotelOffers-daikon.inv.binary.twoString.StdString$SubString;AmadeusHotel_getMultiHotelOffers-String comparisons;TP;TP;TP;0.95;1057;329;1386;10000;GPT-3.5
AmadeusHotel_getMultiHotelOffers;153;daikon.inv.binary.twoString.StdString$SubString;String comparisons;AmadeusHotel_getMultiHotelOffers-daikon.inv.binary.twoString.StdString$SubString;AmadeusHotel_getMultiHotelOffers-String comparisons;TP;TP;TP;0.95;1009;313;1322;10000;GPT-3.5
AmadeusHotel_getMultiHotelOffers;154;daikon.inv.binary.twoString.StdString$SubString;String comparisons;AmadeusHotel_getMultiHotelOffers-daikon.inv.binary.twoString.StdString$SubString;AmadeusHotel_getMultiHotelOffers-String comparisons;TP;TP;TP;0.95;997;296;1293;10000;GPT-3.5
AmadeusHotel_getMultiHotelOffers;155;daikon.inv.binary.twoString.StdString$SubString;String comparisons;AmadeusHotel_getMultiHotelOffers-daikon.inv.binary.twoString.StdString$SubString;AmadeusHotel_getMultiHotelOffers-String comparisons;TP;TP;TP;0.95;984;227;1211;10000;GPT-3.5
AmadeusHotel_getMultiHotelOffers;156;daikon.inv.binary.twoString.StdString$SubString;String comparisons;AmadeusHotel_getMultiHotelOffers-daikon.inv.binary.twoString.StdString$SubString;AmadeusHotel_getMultiHotelOffers-String comparisons;TP;TP;TP;0.95;1026;250;1276;10000;GPT-3.5
AmadeusHotel_getMultiHotelOffers;157;daikon.inv.binary.twoString.StdString$SubString;String comparisons;AmadeusHotel_getMultiHotelOffers-daikon.inv.binary.twoString.StdString$SubString;AmadeusHotel_getMultiHotelOffers-String comparisons;TP;TP;TP;0.95;1059;286;1345;10000;GPT-3.5
AmadeusHotel_getMultiHotelOffers;158;daikon.inv.binary.twoString.StdString$SubString;String comparisons;AmadeusHotel_getMultiHotelOffers-daikon.inv.binary.twoString.StdString$SubString;AmadeusHotel_getMultiHotelOffers-String comparisons;TP;TP;TP;0.95;959;253;1212;10000;GPT-3.5
AmadeusHotel_getMultiHotelOffers;159;daikon.inv.binary.twoString.StdString$SubString;String comparisons;AmadeusHotel_getMultiHotelOffers-daikon.inv.binary.twoString.StdString$SubString;AmadeusHotel_getMultiHotelOffers-String comparisons;TP;TP;TP;0.9;698;247;945;10000;GPT-3.5
AmadeusHotel_getMultiHotelOffers;160;daikon.inv.binary.twoString.StdString$SubString;String comparisons;AmadeusHotel_getMultiHotelOffers-daikon.inv.binary.twoString.StdString$SubString;AmadeusHotel_getMultiHotelOffers-String comparisons;TP;TP;TP;0.9;1042;324;1366;10000;GPT-3.5
AmadeusHotel_getMultiHotelOffers;161;daikon.inv.binary.twoString.StdString$SubString;String comparisons;AmadeusHotel_getMultiHotelOffers-daikon.inv.binary.twoString.StdString$SubString;AmadeusHotel_getMultiHotelOffers-String comparisons;TP;TP;TP;0.95;852;301;1153;10000;GPT-3.5
AmadeusHotel_getMultiHotelOffers;162;daikon.inv.binary.twoString.StdString$SubString;String comparisons;AmadeusHotel_getMultiHotelOffers-daikon.inv.binary.twoString.StdString$SubString;AmadeusHotel_getMultiHotelOffers-String comparisons;TP;TP;TP;0.95;855;270;1125;10000;GPT-3.5
AmadeusHotel_getMultiHotelOffers;163;daikon.inv.unary.scalar.OneOfScalar;Specific values;AmadeusHotel_getMultiHotelOffers-daikon.inv.unary.scalar.OneOfScalar;AmadeusHotel_getMultiHotelOffers-Specific values;FP;TP;FP;0.9;791;265;1056;100;GPT-3.5
AmadeusHotel_getMultiHotelOffers;164;daikon.inv.unary.stringsequence.EltOneOfString;Specific values;AmadeusHotel_getMultiHotelOffers-daikon.inv.unary.stringsequence.EltOneOfString;AmadeusHotel_getMultiHotelOffers-Specific values;FP;TP;FP;0.9;1027;342;1369;500;GPT-3.5
AmadeusHotel_getMultiHotelOffers;165;daikon.inv.unary.stringsequence.OneOfStringSequence;Specific values;AmadeusHotel_getMultiHotelOffers-daikon.inv.unary.stringsequence.OneOfStringSequence;AmadeusHotel_getMultiHotelOffers-Specific values;FP;TP;FP;0.9;993;208;1201;100;GPT-3.5
AmadeusHotel_getMultiHotelOffers;166;daikon.inv.unary.string.OneOfString;Specific values;AmadeusHotel_getMultiHotelOffers-daikon.inv.unary.string.OneOfString;AmadeusHotel_getMultiHotelOffers-Specific values;FP;TP;FP;0.9;808;326;1134;100;GPT-3.5
AmadeusHotel_getMultiHotelOffers;167;daikon.inv.unary.scalar.OneOfScalar;Specific values;AmadeusHotel_getMultiHotelOffers-daikon.inv.unary.scalar.OneOfScalar;AmadeusHotel_getMultiHotelOffers-Specific values;FP;FP;TN;0.9;1005;252;1257;500;GPT-3.5
AmadeusHotel_getMultiHotelOffers;168;daikon.inv.binary.twoScalar.NumericInt$Divides;Arithmetic comparisons;AmadeusHotel_getMultiHotelOffers-daikon.inv.binary.twoScalar.NumericInt$Divides;AmadeusHotel_getMultiHotelOffers-Arithmetic comparisons;FP;TP;FP;0.9;1106;316;1422;100;GPT-3.5
AmadeusHotel_getMultiHotelOffers;169;daikon.inv.binary.twoScalar.NumericInt$Divides;Arithmetic comparisons;AmadeusHotel_getMultiHotelOffers-daikon.inv.binary.twoScalar.NumericInt$Divides;AmadeusHotel_getMultiHotelOffers-Arithmetic comparisons;FP;FP;TN;0.9;965;261;1226;100;GPT-3.5
AmadeusHotel_getMultiHotelOffers;170;daikon.inv.binary.twoScalar.NumericInt$Divides;Arithmetic comparisons;AmadeusHotel_getMultiHotelOffers-daikon.inv.binary.twoScalar.NumericInt$Divides;AmadeusHotel_getMultiHotelOffers-Arithmetic comparisons;FP;TP;FP;0.9;1059;324;1383;100;GPT-3.5
AmadeusHotel_getMultiHotelOffers;171;daikon.inv.binary.twoScalar.NumericInt$Divides;Arithmetic comparisons;AmadeusHotel_getMultiHotelOffers-daikon.inv.binary.twoScalar.NumericInt$Divides;AmadeusHotel_getMultiHotelOffers-Arithmetic comparisons;FP;FP;TN;0.9;1081;202;1283;100;GPT-3.5
AmadeusHotel_getMultiHotelOffers;172;daikon.inv.binary.twoScalar.NumericInt$Divides;Arithmetic comparisons;AmadeusHotel_getMultiHotelOffers-daikon.inv.binary.twoScalar.NumericInt$Divides;AmadeusHotel_getMultiHotelOffers-Arithmetic comparisons;FP;TP;FP;0.9;1083;297;1380;100;GPT-3.5
AmadeusHotel_getMultiHotelOffers;173;daikon.inv.binary.twoScalar.NumericInt$Divides;Arithmetic comparisons;AmadeusHotel_getMultiHotelOffers-daikon.inv.binary.twoScalar.NumericInt$Divides;AmadeusHotel_getMultiHotelOffers-Arithmetic comparisons;FP;TP;FP;0.9;865;275;1140;500;GPT-3.5
AmadeusHotel_getMultiHotelOffers;174;daikon.inv.binary.twoScalar.IntGreaterEqual;Arithmetic comparisons;AmadeusHotel_getMultiHotelOffers-daikon.inv.binary.twoScalar.IntGreaterEqual;AmadeusHotel_getMultiHotelOffers-Arithmetic comparisons;FP;TP;FP;0.9;855;287;1142;500;GPT-3.5
AmadeusHotel_getMultiHotelOffers;175;daikon.inv.binary.twoScalar.IntGreaterEqual;Arithmetic comparisons;AmadeusHotel_getMultiHotelOffers-daikon.inv.binary.twoScalar.IntGreaterEqual;AmadeusHotel_getMultiHotelOffers-Arithmetic comparisons;FP;TP;FP;0.95;1155;222;1377;500;GPT-3.5
AmadeusHotel_getMultiHotelOffers;176;daikon.inv.binary.twoScalar.NumericInt$Divides;Arithmetic comparisons;AmadeusHotel_getMultiHotelOffers-daikon.inv.binary.twoScalar.NumericInt$Divides;AmadeusHotel_getMultiHotelOffers-Arithmetic comparisons;FP;TP;FP;0.9;1091;256;1347;1000;GPT-3.5
AmadeusHotel_getMultiHotelOffers;177;daikon.inv.binary.twoScalar.NumericInt$Divides;Arithmetic comparisons;AmadeusHotel_getMultiHotelOffers-daikon.inv.binary.twoScalar.NumericInt$Divides;AmadeusHotel_getMultiHotelOffers-Arithmetic comparisons;FP;TP;FP;0.9;1100;263;1363;100;GPT-3.5
AmadeusHotel_getMultiHotelOffers;178;daikon.inv.binary.sequenceString.MemberString;Array properties;AmadeusHotel_getMultiHotelOffers-daikon.inv.binary.sequenceString.MemberString;AmadeusHotel_getMultiHotelOffers-Array properties;FP;FP;TN;0.9;868;270;1138;10000;GPT-3.5
AmadeusHotel_getMultiHotelOffers;179;daikon.inv.binary.sequenceString.MemberString;Array properties;AmadeusHotel_getMultiHotelOffers-daikon.inv.binary.sequenceString.MemberString;AmadeusHotel_getMultiHotelOffers-Array properties;FP;TP;FP;0.95;996;251;1247;10000;GPT-3.5
AmadeusHotel_getMultiHotelOffers;180;daikon.inv.binary.twoScalar.IntNonEqual;Arithmetic comparisons;AmadeusHotel_getMultiHotelOffers-daikon.inv.binary.twoScalar.IntNonEqual;AmadeusHotel_getMultiHotelOffers-Arithmetic comparisons;FP;TP;FP;0.9;926;243;1169;100;GPT-3.5
AmadeusHotel_getMultiHotelOffers;181;daikon.inv.binary.twoScalar.NumericInt$Divides;Arithmetic comparisons;AmadeusHotel_getMultiHotelOffers-daikon.inv.binary.twoScalar.NumericInt$Divides;AmadeusHotel_getMultiHotelOffers-Arithmetic comparisons;FP;TP;FP;0.95;1164;349;1513;100;GPT-3.5
AmadeusHotel_getMultiHotelOffers;182;daikon.inv.binary.twoScalar.IntGreaterEqual;Arithmetic comparisons;AmadeusHotel_getMultiHotelOffers-daikon.inv.binary.twoScalar.IntGreaterEqual;AmadeusHotel_getMultiHotelOffers-Arithmetic comparisons;FP;TP;FP;0.95;1154;370;1524;100;GPT-3.5
AmadeusHotel_getMultiHotelOffers;183;daikon.inv.binary.twoScalar.NumericInt$Divides;Arithmetic comparisons;AmadeusHotel_getMultiHotelOffers-daikon.inv.binary.twoScalar.NumericInt$Divides;AmadeusHotel_getMultiHotelOffers-Arithmetic comparisons;FP;TP;FP;0.9;1166;259;1425;500;GPT-3.5
AmadeusHotel_getMultiHotelOffers;184;daikon.inv.binary.twoScalar.NumericInt$Divides;Arithmetic comparisons;AmadeusHotel_getMultiHotelOffers-daikon.inv.binary.twoScalar.NumericInt$Divides;AmadeusHotel_getMultiHotelOffers-Arithmetic comparisons;FP;TP;FP;0.95;1042;402;1444;100;GPT-3.5
AmadeusHotel_getMultiHotelOffers;185;daikon.inv.binary.twoScalar.IntLessThan;Arithmetic comparisons;AmadeusHotel_getMultiHotelOffers-daikon.inv.binary.twoScalar.IntLessThan;AmadeusHotel_getMultiHotelOffers-Arithmetic comparisons;FP;TP;FP;0.9;1034;322;1356;100;GPT-3.5
AmadeusHotel_getMultiHotelOffers;186;daikon.inv.binary.twoScalar.IntGreaterEqual;Arithmetic comparisons;AmadeusHotel_getMultiHotelOffers-daikon.inv.binary.twoScalar.IntGreaterEqual;AmadeusHotel_getMultiHotelOffers-Arithmetic comparisons;FP;TP;FP;0.95;1109;321;1430;10000;GPT-3.5
AmadeusHotel_getMultiHotelOffers;187;daikon.inv.binary.twoScalar.NumericInt$Divides;Arithmetic comparisons;AmadeusHotel_getMultiHotelOffers-daikon.inv.binary.twoScalar.NumericInt$Divides;AmadeusHotel_getMultiHotelOffers-Arithmetic comparisons;FP;FP;TN;0.9;1109;259;1368;100;GPT-3.5
AmadeusHotel_getMultiHotelOffers;188;daikon.inv.binary.twoScalar.NumericInt$Divides;Arithmetic comparisons;AmadeusHotel_getMultiHotelOffers-daikon.inv.binary.twoScalar.NumericInt$Divides;AmadeusHotel_getMultiHotelOffers-Arithmetic comparisons;FP;TP;FP;0.9;1159;285;1444;100;GPT-3.5
AmadeusHotel_getMultiHotelOffers;189;daikon.inv.binary.twoScalar.NumericInt$Divides;Arithmetic comparisons;AmadeusHotel_getMultiHotelOffers-daikon.inv.binary.twoScalar.NumericInt$Divides;AmadeusHotel_getMultiHotelOffers-Arithmetic comparisons;FP;TP;FP;0.9;1109;269;1378;100;GPT-3.5
AmadeusHotel_getMultiHotelOffers;190;daikon.inv.binary.twoScalar.NumericInt$Divides;Arithmetic comparisons;AmadeusHotel_getMultiHotelOffers-daikon.inv.binary.twoScalar.NumericInt$Divides;AmadeusHotel_getMultiHotelOffers-Arithmetic comparisons;FP;TP;FP;0.9;1159;264;1423;100;GPT-3.5
AmadeusHotel_getMultiHotelOffers;191;daikon.inv.binary.twoScalar.NumericInt$Divides;Arithmetic comparisons;AmadeusHotel_getMultiHotelOffers-daikon.inv.binary.twoScalar.NumericInt$Divides;AmadeusHotel_getMultiHotelOffers-Arithmetic comparisons;FP;TP;FP;0.9;1215;316;1531;500;GPT-3.5
AmadeusHotel_getMultiHotelOffers;192;daikon.inv.binary.twoScalar.NumericInt$Divides;Arithmetic comparisons;AmadeusHotel_getMultiHotelOffers-daikon.inv.binary.twoScalar.NumericInt$Divides;AmadeusHotel_getMultiHotelOffers-Arithmetic comparisons;FP;TP;FP;0.95;1215;348;1563;500;GPT-3.5
AmadeusHotel_getMultiHotelOffers;193;daikon.inv.binary.twoScalar.NumericInt$Divides;Arithmetic comparisons;AmadeusHotel_getMultiHotelOffers-daikon.inv.binary.twoScalar.NumericInt$Divides;AmadeusHotel_getMultiHotelOffers-Arithmetic comparisons;FP;FP;TN;0.9;1399;257;1656;500;GPT-3.5
AmadeusHotel_getMultiHotelOffers;194;daikon.inv.binary.twoScalar.IntGreaterEqual;Arithmetic comparisons;AmadeusHotel_getMultiHotelOffers-daikon.inv.binary.twoScalar.IntGreaterEqual;AmadeusHotel_getMultiHotelOffers-Arithmetic comparisons;FP;TP;FP;0.9;1389;296;1685;500;GPT-3.5
AmadeusHotel_getMultiHotelOffers;195;daikon.inv.binary.twoScalar.NumericInt$Divides;Arithmetic comparisons;AmadeusHotel_getMultiHotelOffers-daikon.inv.binary.twoScalar.NumericInt$Divides;AmadeusHotel_getMultiHotelOffers-Arithmetic comparisons;FP;TP;FP;0.9;996;272;1268;100;GPT-3.5
AmadeusHotel_getMultiHotelOffers;196;daikon.inv.binary.twoScalar.NumericInt$Divides;Arithmetic comparisons;AmadeusHotel_getMultiHotelOffers-daikon.inv.binary.twoScalar.NumericInt$Divides;AmadeusHotel_getMultiHotelOffers-Arithmetic comparisons;FP;FP;TN;0.9;998;284;1282;100;GPT-3.5
AmadeusHotel_getMultiHotelOffers;197;daikon.inv.binary.twoScalar.NumericInt$Divides;Arithmetic comparisons;AmadeusHotel_getMultiHotelOffers-daikon.inv.binary.twoScalar.NumericInt$Divides;AmadeusHotel_getMultiHotelOffers-Arithmetic comparisons;FP;TP;FP;0.9;1187;355;1542;100;GPT-3.5
AmadeusHotel_getMultiHotelOffers;198;daikon.inv.binary.twoScalar.NumericInt$Divides;Arithmetic comparisons;AmadeusHotel_getMultiHotelOffers-daikon.inv.binary.twoScalar.NumericInt$Divides;AmadeusHotel_getMultiHotelOffers-Arithmetic comparisons;FP;TP;FP;0.9;1404;237;1641;10000;GPT-3.5
AmadeusHotel_getMultiHotelOffers;199;daikon.inv.binary.twoScalar.NumericInt$Divides;Arithmetic comparisons;AmadeusHotel_getMultiHotelOffers-daikon.inv.binary.twoScalar.NumericInt$Divides;AmadeusHotel_getMultiHotelOffers-Arithmetic comparisons;FP;TP;FP;0.9;1399;344;1743;500;GPT-3.5
AmadeusHotel_getMultiHotelOffers;200;daikon.inv.binary.twoScalar.NumericInt$Divides;Arithmetic comparisons;AmadeusHotel_getMultiHotelOffers-daikon.inv.binary.twoScalar.NumericInt$Divides;AmadeusHotel_getMultiHotelOffers-Arithmetic comparisons;FP;TP;FP;0.9;998;285;1283;100;GPT-3.5
AmadeusHotel_getMultiHotelOffers;201;daikon.inv.binary.twoScalar.NumericInt$Divides;Arithmetic comparisons;AmadeusHotel_getMultiHotelOffers-daikon.inv.binary.twoScalar.NumericInt$Divides;AmadeusHotel_getMultiHotelOffers-Arithmetic comparisons;FP;FP;TN;0.9;1000;155;1155;100;GPT-3.5
AmadeusHotel_getMultiHotelOffers;202;daikon.inv.binary.twoScalar.NumericInt$Divides;Arithmetic comparisons;AmadeusHotel_getMultiHotelOffers-daikon.inv.binary.twoScalar.NumericInt$Divides;AmadeusHotel_getMultiHotelOffers-Arithmetic comparisons;FP;TP;FP;0.9;1404;331;1735;10000;GPT-3.5
AmadeusHotel_getMultiHotelOffers;203;daikon.inv.binary.twoScalar.NumericInt$Divides;Arithmetic comparisons;AmadeusHotel_getMultiHotelOffers-daikon.inv.binary.twoScalar.NumericInt$Divides;AmadeusHotel_getMultiHotelOffers-Arithmetic comparisons;FP;TP;FP;0.9;1224;304;1528;100;GPT-3.5
AmadeusHotel_getMultiHotelOffers;204;daikon.inv.unary.string.FixedLengthString;Specific formats;AmadeusHotel_getMultiHotelOffers-daikon.inv.unary.string.FixedLengthString;AmadeusHotel_getMultiHotelOffers-Specific formats;TP;TP;TP;0.9;875;252;1127;10000;GPT-3.5
AmadeusHotel_getMultiHotelOffers;205;daikon.inv.binary.twoString.StdString$SubString;String comparisons;AmadeusHotel_getMultiHotelOffers-daikon.inv.binary.twoString.StdString$SubString;AmadeusHotel_getMultiHotelOffers-String comparisons;TP;TP;TP;0.95;1023;282;1305;10000;GPT-3.5
AmadeusHotel_getMultiHotelOffers;206;daikon.inv.binary.twoString.StdString$SubString;String comparisons;AmadeusHotel_getMultiHotelOffers-daikon.inv.binary.twoString.StdString$SubString;AmadeusHotel_getMultiHotelOffers-String comparisons;TP;TP;TP;0.95;1018;208;1226;10000;GPT-3.5
AmadeusHotel_getMultiHotelOffers;207;daikon.inv.binary.twoString.StringEqual;String comparisons;AmadeusHotel_getMultiHotelOffers-daikon.inv.binary.twoString.StringEqual;AmadeusHotel_getMultiHotelOffers-String comparisons;TP;TP;TP;0.9;826;235;1061;10000;GPT-3.5
AmadeusHotel_getMultiHotelOffers;208;daikon.inv.binary.twoScalar.IntEqual;Arithmetic comparisons;AmadeusHotel_getMultiHotelOffers-daikon.inv.binary.twoScalar.IntEqual;AmadeusHotel_getMultiHotelOffers-Arithmetic comparisons;FP;FP;TN;0.8;984;330;1314;10000;GPT-3.5
AmadeusHotel_getMultiHotelOffers;209;daikon.inv.unary.scalar.LowerBound;Specific values;AmadeusHotel_getMultiHotelOffers-daikon.inv.unary.scalar.LowerBound;AmadeusHotel_getMultiHotelOffers-Specific values;TP;TP;TP;0.9;780;215;995;10000;GPT-3.5
AmadeusHotel_getMultiHotelOffers;210;daikon.inv.unary.scalar.LowerBound;Specific values;AmadeusHotel_getMultiHotelOffers-daikon.inv.unary.scalar.LowerBound;AmadeusHotel_getMultiHotelOffers-Specific values;TP;TP;TP;0.9;763;208;971;10000;GPT-3.5
AmadeusHotel_getMultiHotelOffers;211;daikon.inv.unary.string.OneOfString;Specific values;AmadeusHotel_getMultiHotelOffers-daikon.inv.unary.string.OneOfString;AmadeusHotel_getMultiHotelOffers-Specific values;FP;TP;FP;0.95;830;252;1082;10000;GPT-3.5
AmadeusHotel_getMultiHotelOffers;212;daikon.inv.unary.string.OneOfString;Specific values;AmadeusHotel_getMultiHotelOffers-daikon.inv.unary.string.OneOfString;AmadeusHotel_getMultiHotelOffers-Specific values;FP;FP;TN;0.8;770;266;1036;10000;GPT-3.5
AmadeusHotel_getMultiHotelOffers;213;daikon.inv.binary.twoScalar.IntLessEqual;Arithmetic comparisons;AmadeusHotel_getMultiHotelOffers-daikon.inv.binary.twoScalar.IntLessEqual;AmadeusHotel_getMultiHotelOffers-Arithmetic comparisons;FP;TP;FP;0.95;1023;274;1297;500;GPT-3.5
AmadeusHotel_getMultiHotelOffers;214;daikon.inv.binary.twoScalar.IntGreaterEqual;Arithmetic comparisons;AmadeusHotel_getMultiHotelOffers-daikon.inv.binary.twoScalar.IntGreaterEqual;AmadeusHotel_getMultiHotelOffers-Arithmetic comparisons;FP;TP;FP;0.9;1104;250;1354;500;GPT-3.5
AmadeusHotel_getMultiHotelOffers;215;daikon.inv.binary.twoScalar.IntLessEqual;Arithmetic comparisons;AmadeusHotel_getMultiHotelOffers-daikon.inv.binary.twoScalar.IntLessEqual;AmadeusHotel_getMultiHotelOffers-Arithmetic comparisons;FP;TP;FP;0.95;1018;333;1351;1000;GPT-3.5
AmadeusHotel_getMultiHotelOffers;216;daikon.inv.binary.twoScalar.IntGreaterEqual;Arithmetic comparisons;AmadeusHotel_getMultiHotelOffers-daikon.inv.binary.twoScalar.IntGreaterEqual;AmadeusHotel_getMultiHotelOffers-Arithmetic comparisons;FP;TP;FP;0.9;1103;276;1379;1000;GPT-3.5
AmadeusHotel_getMultiHotelOffers;217;daikon.inv.binary.twoScalar.IntGreaterEqual;Arithmetic comparisons;AmadeusHotel_getMultiHotelOffers-daikon.inv.binary.twoScalar.IntGreaterEqual;AmadeusHotel_getMultiHotelOffers-Arithmetic comparisons;FP;TP;FP;0.9;1086;256;1342;1000;GPT-3.5
AmadeusHotel_getMultiHotelOffers;218;daikon.inv.binary.twoScalar.IntLessEqual;Arithmetic comparisons;AmadeusHotel_getMultiHotelOffers-daikon.inv.binary.twoScalar.IntLessEqual;AmadeusHotel_getMultiHotelOffers-Arithmetic comparisons;FP;TP;FP;0.9;1000;316;1316;500;GPT-3.5
AmadeusHotel_getMultiHotelOffers;219;daikon.inv.binary.twoScalar.IntGreaterEqual;Arithmetic comparisons;AmadeusHotel_getMultiHotelOffers-daikon.inv.binary.twoScalar.IntGreaterEqual;AmadeusHotel_getMultiHotelOffers-Arithmetic comparisons;FP;TP;FP;0.9;1084;234;1318;1000;GPT-3.5
AmadeusHotel_getMultiHotelOffers;220;daikon.inv.binary.twoScalar.IntLessThan;Arithmetic comparisons;AmadeusHotel_getMultiHotelOffers-daikon.inv.binary.twoScalar.IntLessThan;AmadeusHotel_getMultiHotelOffers-Arithmetic comparisons;FP;TP;FP;0.9;1081;294;1375;1000;GPT-3.5
AmadeusHotel_getMultiHotelOffers;221;daikon.inv.binary.twoScalar.IntGreaterEqual;Arithmetic comparisons;AmadeusHotel_getMultiHotelOffers-daikon.inv.binary.twoScalar.IntGreaterEqual;AmadeusHotel_getMultiHotelOffers-Arithmetic comparisons;FP;TP;FP;0.9;1157;296;1453;10000;GPT-3.5
AmadeusHotel_getMultiHotelOffers;222;daikon.inv.binary.sequenceString.MemberString;Array properties;AmadeusHotel_getMultiHotelOffers-daikon.inv.binary.sequenceString.MemberString;AmadeusHotel_getMultiHotelOffers-Array properties;FP;FP;TN;0.9;845;362;1207;10000;GPT-3.5
AmadeusHotel_getMultiHotelOffers;223;daikon.inv.binary.sequenceString.MemberString;Array properties;AmadeusHotel_getMultiHotelOffers-daikon.inv.binary.sequenceString.MemberString;AmadeusHotel_getMultiHotelOffers-Array properties;FP;TP;FP;0.95;973;271;1244;10000;GPT-3.5
AmadeusHotel_getMultiHotelOffers;224;daikon.inv.binary.twoScalar.IntLessEqual;Arithmetic comparisons;AmadeusHotel_getMultiHotelOffers-daikon.inv.binary.twoScalar.IntLessEqual;AmadeusHotel_getMultiHotelOffers-Arithmetic comparisons;FP;TP;FP;0.9;936;276;1212;1000;GPT-3.5
AmadeusHotel_getMultiHotelOffers;225;daikon.inv.binary.twoScalar.NumericInt$Divides;Arithmetic comparisons;AmadeusHotel_getMultiHotelOffers-daikon.inv.binary.twoScalar.NumericInt$Divides;AmadeusHotel_getMultiHotelOffers-Arithmetic comparisons;FP;TP;FP;0.9;946;273;1219;1000;GPT-3.5
AmadeusHotel_getMultiHotelOffers;226;daikon.inv.binary.twoScalar.NumericInt$Divides;Arithmetic comparisons;AmadeusHotel_getMultiHotelOffers-daikon.inv.binary.twoScalar.NumericInt$Divides;AmadeusHotel_getMultiHotelOffers-Arithmetic comparisons;FP;TP;FP;0.9;948;281;1229;1000;GPT-3.5
AmadeusHotel_getMultiHotelOffers;227;daikon.inv.binary.twoScalar.IntNonEqual;Arithmetic comparisons;AmadeusHotel_getMultiHotelOffers-daikon.inv.binary.twoScalar.IntNonEqual;AmadeusHotel_getMultiHotelOffers-Arithmetic comparisons;FP;TP;FP;0.95;1023;284;1307;1000;GPT-3.5
AmadeusHotel_getMultiHotelOffers;228;daikon.inv.binary.twoScalar.NumericInt$Divides;Arithmetic comparisons;AmadeusHotel_getMultiHotelOffers-daikon.inv.binary.twoScalar.NumericInt$Divides;AmadeusHotel_getMultiHotelOffers-Arithmetic comparisons;FP;TP;FP;0.95;1119;298;1417;10000;GPT-3.5
AmadeusHotel_getMultiHotelOffers;229;daikon.inv.binary.twoScalar.NumericInt$Divides;Arithmetic comparisons;AmadeusHotel_getMultiHotelOffers-daikon.inv.binary.twoScalar.NumericInt$Divides;AmadeusHotel_getMultiHotelOffers-Arithmetic comparisons;FP;TP;FP;0.9;1121;262;1383;10000;GPT-3.5
AmadeusHotel_getMultiHotelOffers;230;daikon.inv.binary.twoScalar.IntGreaterEqual;Arithmetic comparisons;AmadeusHotel_getMultiHotelOffers-daikon.inv.binary.twoScalar.IntGreaterEqual;AmadeusHotel_getMultiHotelOffers-Arithmetic comparisons;FP;TP;FP;0.95;1191;297;1488;10000;GPT-3.5
AmadeusHotel_getMultiHotelOffers;231;daikon.inv.binary.twoScalar.IntNonEqual;Arithmetic comparisons;AmadeusHotel_getMultiHotelOffers-daikon.inv.binary.twoScalar.IntNonEqual;AmadeusHotel_getMultiHotelOffers-Arithmetic comparisons;FP;TP;FP;0.9;1104;363;1467;500;GPT-3.5
AmadeusHotel_getMultiHotelOffers;232;daikon.inv.binary.twoScalar.IntGreaterEqual;Arithmetic comparisons;AmadeusHotel_getMultiHotelOffers-daikon.inv.binary.twoScalar.IntGreaterEqual;AmadeusHotel_getMultiHotelOffers-Arithmetic comparisons;FP;TP;FP;0.95;1180;353;1533;10000;GPT-3.5
AmadeusHotel_getMultiHotelOffers;233;daikon.inv.binary.twoScalar.IntGreaterEqual;Arithmetic comparisons;AmadeusHotel_getMultiHotelOffers-daikon.inv.binary.twoScalar.IntGreaterEqual;AmadeusHotel_getMultiHotelOffers-Arithmetic comparisons;FP;TP;FP;0.95;1207;310;1517;1000;GPT-3.5
AmadeusHotel_getMultiHotelOffers;234;daikon.inv.binary.twoScalar.NumericInt$Divides;Arithmetic comparisons;AmadeusHotel_getMultiHotelOffers-daikon.inv.binary.twoScalar.NumericInt$Divides;AmadeusHotel_getMultiHotelOffers-Arithmetic comparisons;FP;TP;FP;0.9;1103;315;1418;10000;GPT-3.5
AmadeusHotel_getMultiHotelOffers;235;daikon.inv.binary.twoScalar.IntLessThan;Arithmetic comparisons;AmadeusHotel_getMultiHotelOffers-daikon.inv.binary.twoScalar.IntLessThan;AmadeusHotel_getMultiHotelOffers-Arithmetic comparisons;FP;TP;FP;0.9;1093;231;1324;10000;GPT-3.5
AmadeusHotel_getMultiHotelOffers;236;daikon.inv.binary.twoScalar.NumericInt$Divides;Arithmetic comparisons;AmadeusHotel_getMultiHotelOffers-daikon.inv.binary.twoScalar.NumericInt$Divides;AmadeusHotel_getMultiHotelOffers-Arithmetic comparisons;FP;FP;TN;0.9;1439;363;1802;10000;GPT-3.5
AmadeusHotel_getMultiHotelOffers;237;daikon.inv.binary.twoScalar.IntGreaterEqual;Arithmetic comparisons;AmadeusHotel_getMultiHotelOffers-daikon.inv.binary.twoScalar.IntGreaterEqual;AmadeusHotel_getMultiHotelOffers-Arithmetic comparisons;FP;TP;FP;0.95;1429;236;1665;10000;GPT-3.5
AmadeusHotel_getMultiHotelOffers;238;daikon.inv.binary.twoScalar.NumericInt$Divides;Arithmetic comparisons;AmadeusHotel_getMultiHotelOffers-daikon.inv.binary.twoScalar.NumericInt$Divides;AmadeusHotel_getMultiHotelOffers-Arithmetic comparisons;FP;TP;FP;0.9;1439;192;1631;10000;GPT-3.5
AmadeusHotel_getMultiHotelOffers;239;daikon.inv.binary.twoScalar.IntLessEqual;Arithmetic comparisons;AmadeusHotel_getMultiHotelOffers-daikon.inv.binary.twoScalar.IntLessEqual;AmadeusHotel_getMultiHotelOffers-Arithmetic comparisons;FP;TP;FP;0.95;1429;283;1712;10000;GPT-3.5
AmadeusHotel_getMultiHotelOffers;240;daikon.inv.binary.twoScalar.IntNonEqual;Arithmetic comparisons;AmadeusHotel_getMultiHotelOffers-daikon.inv.binary.twoScalar.IntNonEqual;AmadeusHotel_getMultiHotelOffers-Arithmetic comparisons;FP;TP;FP;0.9;987;324;1311;1000;GPT-3.5
AmadeusHotel_getMultiHotelOffers;241;daikon.inv.binary.twoScalar.IntNonEqual;Arithmetic comparisons;AmadeusHotel_getMultiHotelOffers-daikon.inv.binary.twoScalar.IntNonEqual;AmadeusHotel_getMultiHotelOffers-Arithmetic comparisons;FP;TP;FP;0.9;988;266;1254;500;GPT-3.5
AmadeusHotel_getMultiHotelOffers;242;daikon.inv.binary.twoScalar.IntGreaterEqual;Arithmetic comparisons;AmadeusHotel_getMultiHotelOffers-daikon.inv.binary.twoScalar.IntGreaterEqual;AmadeusHotel_getMultiHotelOffers-Arithmetic comparisons;FP;FP;TN;0.9;1394;302;1696;10000;GPT-3.5
AmadeusHotel_getMultiHotelOffers;243;daikon.inv.binary.twoScalar.IntNonEqual;Arithmetic comparisons;AmadeusHotel_getMultiHotelOffers-daikon.inv.binary.twoScalar.IntNonEqual;AmadeusHotel_getMultiHotelOffers-Arithmetic comparisons;FP;FP;TN;0.9;989;375;1364;1000;GPT-3.5
AmadeusHotel_getMultiHotelOffers;244;daikon.inv.binary.twoScalar.IntNonEqual;Arithmetic comparisons;AmadeusHotel_getMultiHotelOffers-daikon.inv.binary.twoScalar.IntNonEqual;AmadeusHotel_getMultiHotelOffers-Arithmetic comparisons;FP;FP;TN;0.9;991;425;1416;1000;GPT-3.5
AmadeusHotel_getMultiHotelOffers;245;daikon.inv.binary.twoScalar.NumericInt$Divides;Arithmetic comparisons;AmadeusHotel_getMultiHotelOffers-daikon.inv.binary.twoScalar.NumericInt$Divides;AmadeusHotel_getMultiHotelOffers-Arithmetic comparisons;FP;TP;FP;0.9;1212;316;1528;10000;GPT-3.5
AmadeusHotel_getMultiHotelOffers;246;daikon.inv.binary.twoScalar.IntGreaterThan;Arithmetic comparisons;AmadeusHotel_getMultiHotelOffers-daikon.inv.binary.twoScalar.IntGreaterThan;AmadeusHotel_getMultiHotelOffers-Arithmetic comparisons;FP;FP;TN;0.95;1201;362;1563;10000;GPT-3.5
AmadeusHotel_getMultiHotelOffers;247;daikon.inv.unary.scalar.NonZeroFloat;Arithmetic comparisons;AmadeusHotel_getMultiHotelOffers-daikon.inv.unary.scalar.NonZeroFloat;AmadeusHotel_getMultiHotelOffers-Arithmetic comparisons;FP;TP;FP;0.95;706;206;912;10000;GPT-3.5
AmadeusHotel_getMultiHotelOffers;248;daikon.inv.unary.scalar.NonZeroFloat;Arithmetic comparisons;AmadeusHotel_getMultiHotelOffers-daikon.inv.unary.scalar.NonZeroFloat;AmadeusHotel_getMultiHotelOffers-Arithmetic comparisons;FP;TP;FP;0.95;706;229;935;10000;GPT-3.5
AmadeusHotel_getMultiHotelOffers;249;daikon.inv.unary.string.FixedLengthString;Specific formats;AmadeusHotel_getMultiHotelOffers-daikon.inv.unary.string.FixedLengthString;AmadeusHotel_getMultiHotelOffers-Specific formats;TP;TP;TP;0.9;712;240;952;10000;GPT-3.5
AmadeusHotel_getMultiHotelOffers;250;daikon.inv.unary.string.IsNumeric;Specific formats;AmadeusHotel_getMultiHotelOffers-daikon.inv.unary.string.IsNumeric;AmadeusHotel_getMultiHotelOffers-Specific formats;TP;TP;TP;0.95;790;272;1062;10000;GPT-3.5
AmadeusHotel_getMultiHotelOffers;251;daikon.inv.unary.string.FixedLengthString;Specific formats;AmadeusHotel_getMultiHotelOffers-daikon.inv.unary.string.FixedLengthString;AmadeusHotel_getMultiHotelOffers-Specific formats;TP;TP;TP;0.9;745;232;977;10000;GPT-3.5
AmadeusHotel_getMultiHotelOffers;252;daikon.inv.unary.string.OneOfString;Specific values;AmadeusHotel_getMultiHotelOffers-daikon.inv.unary.string.OneOfString;AmadeusHotel_getMultiHotelOffers-Specific values;FP;TP;FP;0.9;745;308;1053;10000;GPT-3.5
AmadeusHotel_getMultiHotelOffers;253;daikon.inv.unary.stringsequence.EltOneOfString;Specific values;AmadeusHotel_getMultiHotelOffers-daikon.inv.unary.stringsequence.EltOneOfString;AmadeusHotel_getMultiHotelOffers-Specific values;FP;TP;FP;0.95;1064;295;1359;10000;GPT-3.5
AmadeusHotel_getMultiHotelOffers;254;daikon.inv.unary.scalar.OneOfScalar;Specific values;AmadeusHotel_getMultiHotelOffers-daikon.inv.unary.scalar.OneOfScalar;AmadeusHotel_getMultiHotelOffers-Specific values;FP;TP;FP;0.9;1039;363;1402;10000;GPT-3.5
AmadeusHotel_getMultiHotelOffers;255;daikon.inv.binary.sequenceString.MemberString;Array properties;AmadeusHotel_getMultiHotelOffers-daikon.inv.binary.sequenceString.MemberString;AmadeusHotel_getMultiHotelOffers-Array properties;FP;TP;FP;0.95;821;278;1099;10000;GPT-3.5
AmadeusHotel_getMultiHotelOffers;256;daikon.inv.binary.sequenceString.MemberString;Array properties;AmadeusHotel_getMultiHotelOffers-daikon.inv.binary.sequenceString.MemberString;AmadeusHotel_getMultiHotelOffers-Array properties;FP;FP;TN;0.9;949;302;1251;10000;GPT-3.5
AmadeusHotel_getMultiHotelOffers;257;daikon.inv.binary.twoScalar.IntLessEqual;Arithmetic comparisons;AmadeusHotel_getMultiHotelOffers-daikon.inv.binary.twoScalar.IntLessEqual;AmadeusHotel_getMultiHotelOffers-Arithmetic comparisons;FP;TP;FP;0.95;1066;348;1414;10000;GPT-3.5
AmadeusHotel_getMultiHotelOffers;258;daikon.inv.binary.twoScalar.NumericInt$Divides;Arithmetic comparisons;AmadeusHotel_getMultiHotelOffers-daikon.inv.binary.twoScalar.NumericInt$Divides;AmadeusHotel_getMultiHotelOffers-Arithmetic comparisons;FP;FP;TN;1.0;878;366;1244;10000;GPT-3.5
AmadeusHotel_getMultiHotelOffers;259;daikon.inv.binary.twoScalar.IntLessThan;Arithmetic comparisons;AmadeusHotel_getMultiHotelOffers-daikon.inv.binary.twoScalar.IntLessThan;AmadeusHotel_getMultiHotelOffers-Arithmetic comparisons;FP;TP;FP;0.9;870;320;1190;10000;GPT-3.5
AmadeusHotel_getMultiHotelOffers;260;daikon.inv.binary.twoScalar.NumericInt$Divides;Arithmetic comparisons;AmadeusHotel_getMultiHotelOffers-daikon.inv.binary.twoScalar.NumericInt$Divides;AmadeusHotel_getMultiHotelOffers-Arithmetic comparisons;FP;TP;FP;0.9;880;360;1240;10000;GPT-3.5
AmadeusHotel_getMultiHotelOffers;261;daikon.inv.binary.twoScalar.NumericInt$Square;Arithmetic comparisons;AmadeusHotel_getMultiHotelOffers-daikon.inv.binary.twoScalar.NumericInt$Square;AmadeusHotel_getMultiHotelOffers-Arithmetic comparisons;FP;FP;TN;0.9;990;233;1223;10000;GPT-3.5
AmadeusHotel_getMultiHotelOffers;262;daikon.inv.binary.twoScalar.NumericInt$Square;Arithmetic comparisons;AmadeusHotel_getMultiHotelOffers-daikon.inv.binary.twoScalar.NumericInt$Square;AmadeusHotel_getMultiHotelOffers-Arithmetic comparisons;FP;FP;TN;0.9;990;298;1288;10000;GPT-3.5
AmadeusHotel_getMultiHotelOffers;263;daikon.inv.binary.twoScalar.NumericInt$Divides;Arithmetic comparisons;AmadeusHotel_getMultiHotelOffers-daikon.inv.binary.twoScalar.NumericInt$Divides;AmadeusHotel_getMultiHotelOffers-Arithmetic comparisons;FP;FP;TN;0.9;997;292;1289;10000;GPT-3.5
AmadeusHotel_getMultiHotelOffers;264;daikon.inv.unary.string.FixedLengthString;Specific formats;AmadeusHotel_getMultiHotelOffers-daikon.inv.unary.string.FixedLengthString;AmadeusHotel_getMultiHotelOffers-Specific formats;FP;FP;TN;0.9;709;190;899;10000;GPT-3.5
AmadeusHotel_getMultiHotelOffers;265;daikon.inv.unary.string.IsNumeric;Specific formats;AmadeusHotel_getMultiHotelOffers-daikon.inv.unary.string.IsNumeric;AmadeusHotel_getMultiHotelOffers-Specific formats;TP;TP;TP;0.95;703;234;937;10000;GPT-3.5
AmadeusHotel_getMultiHotelOffers;266;daikon.inv.unary.string.OneOfString;Specific values;AmadeusHotel_getMultiHotelOffers-daikon.inv.unary.string.OneOfString;AmadeusHotel_getMultiHotelOffers-Specific values;FP;TP;FP;0.9;752;282;1034;10000;GPT-3.5
AmadeusHotel_getMultiHotelOffers;267;daikon.inv.binary.twoScalar.IntGreaterEqual;Arithmetic comparisons;AmadeusHotel_getMultiHotelOffers-daikon.inv.binary.twoScalar.IntGreaterEqual;AmadeusHotel_getMultiHotelOffers-Arithmetic comparisons;FP;TP;FP;0.9;1105;243;1348;10000;GPT-3.5
AmadeusHotel_getMultiHotelOffers;268;daikon.inv.binary.twoScalar.IntGreaterEqual;Arithmetic comparisons;AmadeusHotel_getMultiHotelOffers-daikon.inv.binary.twoScalar.IntGreaterEqual;AmadeusHotel_getMultiHotelOffers-Arithmetic comparisons;FP;TP;FP;0.9;1091;229;1320;10000;GPT-3.5
AmadeusHotel_getMultiHotelOffers;269;daikon.inv.binary.twoScalar.IntNonEqual;Arithmetic comparisons;AmadeusHotel_getMultiHotelOffers-daikon.inv.binary.twoScalar.IntNonEqual;AmadeusHotel_getMultiHotelOffers-Arithmetic comparisons;FP;TP;FP;0.95;1072;305;1377;10000;GPT-3.5
AmadeusHotel_getMultiHotelOffers;270;daikon.inv.binary.twoScalar.IntNonEqual;Arithmetic comparisons;AmadeusHotel_getMultiHotelOffers-daikon.inv.binary.twoScalar.IntNonEqual;AmadeusHotel_getMultiHotelOffers-Arithmetic comparisons;FP;FP;TN;0.9;1074;288;1362;10000;GPT-3.5
AmadeusHotel_getMultiHotelOffers;271;daikon.inv.binary.sequenceString.MemberString;Array properties;AmadeusHotel_getMultiHotelOffers-daikon.inv.binary.sequenceString.MemberString;AmadeusHotel_getMultiHotelOffers-Array properties;FP;FP;TN;0.9;824;314;1138;10000;GPT-3.5
AmadeusHotel_getMultiHotelOffers;272;daikon.inv.binary.sequenceString.MemberString;Array properties;AmadeusHotel_getMultiHotelOffers-daikon.inv.binary.sequenceString.MemberString;AmadeusHotel_getMultiHotelOffers-Array properties;FP;TP;FP;0.9;952;262;1214;10000;GPT-3.5
AmadeusHotel_getMultiHotelOffers;273;daikon.inv.binary.twoScalar.IntGreaterEqual;Arithmetic comparisons;AmadeusHotel_getMultiHotelOffers-daikon.inv.binary.twoScalar.IntGreaterEqual;AmadeusHotel_getMultiHotelOffers-Arithmetic comparisons;FP;TP;FP;0.9;1218;197;1415;10000;GPT-3.5
AmadeusHotel_getMultiHotelOffers;274;daikon.inv.unary.string.FixedLengthString;Specific formats;AmadeusHotel_getMultiHotelOffers-daikon.inv.unary.string.FixedLengthString;AmadeusHotel_getMultiHotelOffers-Specific formats;FP;FP;TN;0.7;725;298;1023;10000;GPT-3.5
AmadeusHotel_getMultiHotelOffers;275;daikon.inv.unary.string.IsNumeric;Specific formats;AmadeusHotel_getMultiHotelOffers-daikon.inv.unary.string.IsNumeric;AmadeusHotel_getMultiHotelOffers-Specific formats;TP;TP;TP;0.95;719;223;942;10000;GPT-3.5
OMDb_BySearch;0;daikon.inv.binary.twoString.StringEqual;String comparisons;OMDb_BySearch-daikon.inv.binary.twoString.StringEqual;OMDb_BySearch-String comparisons;TP;TP;TP;0.9;669;218;887;10000;GPT-3.5
OMDb_BySearch;1;daikon.inv.unary.string.OneOfString;Specific values;OMDb_BySearch-daikon.inv.unary.string.OneOfString;OMDb_BySearch-Specific values;TP;TP;TP;0.9;640;243;883;10000;GPT-3.5
OMDb_BySearch;2;daikon.inv.unary.scalar.NonZero;Arithmetic comparisons;OMDb_BySearch-daikon.inv.unary.scalar.NonZero;OMDb_BySearch-Arithmetic comparisons;TP;FP;FN;1.0;596;186;782;10000;GPT-3.5
OMDb_BySearch;3;daikon.inv.unary.sequence.EltNonZero;Array properties;OMDb_BySearch-daikon.inv.unary.sequence.EltNonZero;OMDb_BySearch-Array properties;TP;TP;TP;0.9;606;192;798;10000;GPT-3.5
OMDb_BySearch;4;daikon.inv.unary.string.IsUrl;Specific formats;OMDb_BySearch-daikon.inv.unary.string.IsUrl;OMDb_BySearch-Specific formats;TP;TP;TP;0.95;1062;256;1318;10000;GPT-3.5
OMDb_BySearch;5;daikon.inv.unary.string.FixedLengthString;Specific formats;OMDb_BySearch-daikon.inv.unary.string.FixedLengthString;OMDb_BySearch-Specific formats;TP;FP;FN;0.9;615;231;846;10000;GPT-3.5
OMDb_BySearch;6;daikon.inv.unary.string.IsNumeric;Specific formats;OMDb_BySearch-daikon.inv.unary.string.IsNumeric;OMDb_BySearch-Specific formats;TP;TP;TP;0.9;631;173;804;10000;GPT-3.5
OMDb_BySearch;7;daikon.inv.binary.twoScalar.IntGreaterThan;Arithmetic comparisons;OMDb_BySearch-daikon.inv.binary.twoScalar.IntGreaterThan;OMDb_BySearch-Arithmetic comparisons;FP;TP;FP;0.95;873;264;1137;10000;GPT-3.5
OMDb_BySearch;8;daikon.inv.binary.twoScalar.IntLessEqual;Arithmetic comparisons;OMDb_BySearch-daikon.inv.binary.twoScalar.IntLessEqual;OMDb_BySearch-Arithmetic comparisons;FP;TP;FP;0.9;634;218;852;100;GPT-3.5
OMDb_BySearch;9;daikon.inv.binary.twoScalar.IntNonEqual;Arithmetic comparisons;OMDb_BySearch-daikon.inv.binary.twoScalar.IntNonEqual;OMDb_BySearch-Arithmetic comparisons;FP;FP;TN;0.9;636;252;888;100;GPT-3.5
OMDb_BySearch;10;daikon.inv.unary.scalar.LowerBound;Specific values;OMDb_BySearch-daikon.inv.unary.scalar.LowerBound;OMDb_BySearch-Specific values;TP;TP;TP;0.95;832;208;1040;10000;GPT-3.5
OMDb_ByIdOrTitle;0;daikon.inv.unary.string.OneOfString;Specific values;OMDb_ByIdOrTitle-daikon.inv.unary.string.OneOfString;OMDb_ByIdOrTitle-Specific values;TP;TP;TP;0.9;702;244;946;10000;GPT-3.5
OMDb_ByIdOrTitle;1;daikon.inv.binary.twoString.StringEqual;String comparisons;OMDb_ByIdOrTitle-daikon.inv.binary.twoString.StringEqual;OMDb_ByIdOrTitle-String comparisons;TP;TP;TP;1.0;725;228;953;10000;GPT-3.5
OMDb_ByIdOrTitle;2;daikon.inv.unary.string.OneOfString;Specific values;OMDb_ByIdOrTitle-daikon.inv.unary.string.OneOfString;OMDb_ByIdOrTitle-Specific values;TP;TP;TP;1.0;640;234;874;10000;GPT-3.5
OMDb_ByIdOrTitle;3;daikon.inv.unary.scalar.NonZero;Arithmetic comparisons;OMDb_ByIdOrTitle-daikon.inv.unary.scalar.NonZero;OMDb_ByIdOrTitle-Arithmetic comparisons;FP;TP;FP;0.95;587;222;809;10000;GPT-3.5
OMDb_ByIdOrTitle;4;daikon.inv.unary.sequence.EltNonZero;Array properties;OMDb_ByIdOrTitle-daikon.inv.unary.sequence.EltNonZero;OMDb_ByIdOrTitle-Array properties;FP;TP;FP;1.0;597;257;854;10000;GPT-3.5
OMDb_ByIdOrTitle;5;daikon.inv.unary.string.OneOfString;Specific values;OMDb_ByIdOrTitle-daikon.inv.unary.string.OneOfString;OMDb_ByIdOrTitle-Specific values;TP;TP;TP;0.95;654;196;850;10000;GPT-3.5
OMDb_ByIdOrTitle;6;daikon.inv.binary.twoScalar.IntGreaterThan;Arithmetic comparisons;OMDb_ByIdOrTitle-daikon.inv.binary.twoScalar.IntGreaterThan;OMDb_ByIdOrTitle-Arithmetic comparisons;FP;TP;FP;0.95;814;218;1032;10000;GPT-3.5
OMDb_ByIdOrTitle;7;daikon.inv.unary.string.FixedLengthString;Specific formats;OMDb_ByIdOrTitle-daikon.inv.unary.string.FixedLengthString;OMDb_ByIdOrTitle-Specific formats;TP;TP;TP;0.9;615;253;868;10000;GPT-3.5
OMDb_ByIdOrTitle;8;daikon.inv.unary.string.FixedLengthString;Specific formats;OMDb_ByIdOrTitle-daikon.inv.unary.string.FixedLengthString;OMDb_ByIdOrTitle-Specific formats;TP;TP;TP;0.95;660;250;910;10000;GPT-3.5
OMDb_ByIdOrTitle;9;daikon.inv.unary.string.IsUrl;Specific formats;OMDb_ByIdOrTitle-daikon.inv.unary.string.IsUrl;OMDb_ByIdOrTitle-Specific formats;TP;TP;TP;1.0;1053;171;1224;10000;GPT-3.5
OMDb_ByIdOrTitle;10;daikon.inv.unary.string.IsNumeric;Specific formats;OMDb_ByIdOrTitle-daikon.inv.unary.string.IsNumeric;OMDb_ByIdOrTitle-Specific formats;TP;TP;TP;0.9;638;175;813;10000;GPT-3.5
OMDb_ByIdOrTitle;11;daikon.inv.unary.string.IsNumeric;Specific formats;OMDb_ByIdOrTitle-daikon.inv.unary.string.IsNumeric;OMDb_ByIdOrTitle-Specific formats;TP;TP;TP;0.9;649;245;894;10000;GPT-3.5
OMDb_ByIdOrTitle;12;daikon.inv.unary.string.IsNumeric;Specific formats;OMDb_ByIdOrTitle-daikon.inv.unary.string.IsNumeric;OMDb_ByIdOrTitle-Specific formats;TP;TP;TP;0.95;645;212;857;10000;GPT-3.5
OMDb_ByIdOrTitle;13;daikon.inv.unary.string.FixedLengthString;Specific formats;OMDb_ByIdOrTitle-daikon.inv.unary.string.FixedLengthString;OMDb_ByIdOrTitle-Specific formats;TP;FP;FN;0.9;660;272;932;10000;GPT-3.5
OMDb_ByIdOrTitle;14;daikon.inv.unary.string.IsNumeric;Specific formats;OMDb_ByIdOrTitle-daikon.inv.unary.string.IsNumeric;OMDb_ByIdOrTitle-Specific formats;TP;TP;TP;0.9;636;221;857;10000;GPT-3.5
OMDb_ByIdOrTitle;15;daikon.inv.unary.string.IsNumeric;Specific formats;OMDb_ByIdOrTitle-daikon.inv.unary.string.IsNumeric;OMDb_ByIdOrTitle-Specific formats;TP;TP;TP;0.95;630;220;850;10000;GPT-3.5
OMDb_ByIdOrTitle;16;daikon.inv.unary.string.FixedLengthString;Specific formats;OMDb_ByIdOrTitle-daikon.inv.unary.string.FixedLengthString;OMDb_ByIdOrTitle-Specific formats;TP;TP;TP;0.95;651;231;882;10000;GPT-3.5
OMDb_ByIdOrTitle;17;daikon.inv.unary.string.IsNumeric;Specific formats;OMDb_ByIdOrTitle-daikon.inv.unary.string.IsNumeric;OMDb_ByIdOrTitle-Specific formats;TP;TP;TP;0.9;638;238;876;10000;GPT-3.5
OMDb_ByIdOrTitle;18;daikon.inv.unary.string.OneOfString;Specific values;OMDb_ByIdOrTitle-daikon.inv.unary.string.OneOfString;OMDb_ByIdOrTitle-Specific values;FP;TP;FP;0.9;658;331;989;1000;GPT-3.5
Spotify_createPlaylist;0;daikon.inv.binary.twoString.StringEqual;String comparisons;Spotify_createPlaylist-daikon.inv.binary.twoString.StringEqual;Spotify_createPlaylist-String comparisons;TP;TP;TP;0.9;918;246;1164;10000;GPT-3.5
Spotify_createPlaylist;1;daikon.inv.binary.twoString.StringEqual;String comparisons;Spotify_createPlaylist-daikon.inv.binary.twoString.StringEqual;Spotify_createPlaylist-String comparisons;TP;TP;TP;0.95;751;246;997;10000;GPT-3.5
Spotify_createPlaylist;2;daikon.inv.binary.twoString.StringEqual;String comparisons;Spotify_createPlaylist-daikon.inv.binary.twoString.StringEqual;Spotify_createPlaylist-String comparisons;TP;TP;TP;0.95;770;216;986;10000;GPT-3.5
Spotify_createPlaylist;3;daikon.inv.binary.twoScalar.IntEqual;Arithmetic comparisons;Spotify_createPlaylist-daikon.inv.binary.twoScalar.IntEqual;Spotify_createPlaylist-Arithmetic comparisons;TP;TP;TP;0.9;714;227;941;10000;GPT-3.5
Spotify_createPlaylist;4;daikon.inv.binary.twoScalar.IntEqual;Arithmetic comparisons;Spotify_createPlaylist-daikon.inv.binary.twoScalar.IntEqual;Spotify_createPlaylist-Arithmetic comparisons;TP;TP;TP;0.9;698;191;889;10000;GPT-3.5
Spotify_createPlaylist;5;daikon.inv.binary.twoScalar.IntEqual;Arithmetic comparisons;Spotify_createPlaylist-daikon.inv.binary.twoScalar.IntEqual;Spotify_createPlaylist-Arithmetic comparisons;TP;FP;FN;0.9;731;209;940;10000;GPT-3.5
Spotify_createPlaylist;6;daikon.inv.binary.twoScalar.IntEqual;Arithmetic comparisons;Spotify_createPlaylist-daikon.inv.binary.twoScalar.IntEqual;Spotify_createPlaylist-Arithmetic comparisons;TP;TP;TP;0.9;724;232;956;10000;GPT-3.5
Spotify_createPlaylist;7;daikon.inv.binary.twoScalar.IntEqual;Arithmetic comparisons;Spotify_createPlaylist-daikon.inv.binary.twoScalar.IntEqual;Spotify_createPlaylist-Arithmetic comparisons;TP;TP;TP;0.9;740;232;972;10000;GPT-3.5
Spotify_createPlaylist;8;daikon.inv.binary.twoScalar.IntEqual;Arithmetic comparisons;Spotify_createPlaylist-daikon.inv.binary.twoScalar.IntEqual;Spotify_createPlaylist-Arithmetic comparisons;TP;FP;FN;0.9;765;261;1026;10000;GPT-3.5
Spotify_createPlaylist;9;daikon.inv.unary.scalar.NonZero;Arithmetic comparisons;Spotify_createPlaylist-daikon.inv.unary.scalar.NonZero;Spotify_createPlaylist-Arithmetic comparisons;TP;TP;TP;0.9;633;204;837;10000;GPT-3.5
Spotify_createPlaylist;10;daikon.inv.unary.scalar.NonZero;Arithmetic comparisons;Spotify_createPlaylist-daikon.inv.unary.scalar.NonZero;Spotify_createPlaylist-Arithmetic comparisons;TP;TP;TP;0.9;633;204;837;10000;GPT-3.5
Spotify_createPlaylist;11;daikon.inv.unary.scalar.NonZero;Arithmetic comparisons;Spotify_createPlaylist-daikon.inv.unary.scalar.NonZero;Spotify_createPlaylist-Arithmetic comparisons;TP;TP;TP;0.9;701;193;894;10000;GPT-3.5
Spotify_createPlaylist;12;daikon.inv.unary.sequence.OneOfSequence;Specific values;Spotify_createPlaylist-daikon.inv.unary.sequence.OneOfSequence;Spotify_createPlaylist-Specific values;TP;TP;TP;0.9;726;263;989;10000;GPT-3.5
Spotify_createPlaylist;13;daikon.inv.unary.scalar.NonZero;Arithmetic comparisons;Spotify_createPlaylist-daikon.inv.unary.scalar.NonZero;Spotify_createPlaylist-Arithmetic comparisons;TP;TP;TP;1.0;621;163;784;10000;GPT-3.5
Spotify_createPlaylist;14;daikon.inv.unary.scalar.NonZero;Arithmetic comparisons;Spotify_createPlaylist-daikon.inv.unary.scalar.NonZero;Spotify_createPlaylist-Arithmetic comparisons;TP;TP;TP;0.9;634;230;864;10000;GPT-3.5
Spotify_createPlaylist;15;daikon.inv.unary.scalar.OneOfScalar;Specific values;Spotify_createPlaylist-daikon.inv.unary.scalar.OneOfScalar;Spotify_createPlaylist-Specific values;TP;TP;TP;0.9;658;209;867;10000;GPT-3.5
Spotify_createPlaylist;16;daikon.inv.unary.string.OneOfString;Specific values;Spotify_createPlaylist-daikon.inv.unary.string.OneOfString;Spotify_createPlaylist-Specific values;TP;TP;TP;0.9;692;238;930;10000;GPT-3.5
Spotify_createPlaylist;17;daikon.inv.unary.scalar.NonZero;Arithmetic comparisons;Spotify_createPlaylist-daikon.inv.unary.scalar.NonZero;Spotify_createPlaylist-Arithmetic comparisons;TP;TP;TP;0.9;621;183;804;10000;GPT-3.5
Spotify_createPlaylist;18;daikon.inv.unary.scalar.NonZero;Arithmetic comparisons;Spotify_createPlaylist-daikon.inv.unary.scalar.NonZero;Spotify_createPlaylist-Arithmetic comparisons;TP;TP;TP;0.9;726;218;944;10000;GPT-3.5
Spotify_createPlaylist;19;daikon.inv.unary.sequence.OneOfSequence;Specific values;Spotify_createPlaylist-daikon.inv.unary.sequence.OneOfSequence;Spotify_createPlaylist-Specific values;TP;FP;FN;0.9;751;212;963;10000;GPT-3.5
Spotify_createPlaylist;20;daikon.inv.unary.scalar.OneOfScalar;Specific values;Spotify_createPlaylist-daikon.inv.unary.scalar.OneOfScalar;Spotify_createPlaylist-Specific values;TP;TP;TP;0.95;714;174;888;10000;GPT-3.5
Spotify_createPlaylist;21;daikon.inv.unary.string.OneOfString;Specific values;Spotify_createPlaylist-daikon.inv.unary.string.OneOfString;Spotify_createPlaylist-Specific values;TP;TP;TP;0.9;691;227;918;10000;GPT-3.5
Spotify_createPlaylist;22;daikon.inv.unary.string.FixedLengthString;Specific formats;Spotify_createPlaylist-daikon.inv.unary.string.FixedLengthString;Spotify_createPlaylist-Specific formats;TP;FP;FN;0.95;824;274;1098;10000;GPT-3.5
Spotify_createPlaylist;23;daikon.inv.unary.string.IsUrl;Specific formats;Spotify_createPlaylist-daikon.inv.unary.string.IsUrl;Spotify_createPlaylist-Specific formats;TP;TP;TP;0.95;819;203;1022;10000;GPT-3.5
Spotify_createPlaylist;24;daikon.inv.unary.string.FixedLengthString;Specific formats;Spotify_createPlaylist-daikon.inv.unary.string.FixedLengthString;Spotify_createPlaylist-Specific formats;TP;TP;TP;0.95;812;271;1083;10000;GPT-3.5
Spotify_createPlaylist;25;daikon.inv.unary.string.IsUrl;Specific formats;Spotify_createPlaylist-daikon.inv.unary.string.IsUrl;Spotify_createPlaylist-Specific formats;TP;TP;TP;1.0;807;185;992;10000;GPT-3.5
Spotify_createPlaylist;26;daikon.inv.unary.string.FixedLengthString;Specific formats;Spotify_createPlaylist-daikon.inv.unary.string.FixedLengthString;Spotify_createPlaylist-Specific formats;TP;TP;TP;0.95;759;236;995;10000;GPT-3.5
Spotify_createPlaylist;27;daikon.inv.unary.string.IsUrl;Specific formats;Spotify_createPlaylist-daikon.inv.unary.string.IsUrl;Spotify_createPlaylist-Specific formats;TP;TP;TP;0.9;826;190;1016;10000;GPT-3.5
Spotify_createPlaylist;28;daikon.inv.unary.string.IsUrl;Specific formats;Spotify_createPlaylist-daikon.inv.unary.string.IsUrl;Spotify_createPlaylist-Specific formats;TP;TP;TP;1.0;819;196;1015;10000;GPT-3.5
Spotify_createPlaylist;29;daikon.inv.unary.string.FixedLengthString;Specific formats;Spotify_createPlaylist-daikon.inv.unary.string.FixedLengthString;Spotify_createPlaylist-Specific formats;TP;TP;TP;0.9;667;228;895;10000;GPT-3.5
Spotify_createPlaylist;30;daikon.inv.unary.string.FixedLengthString;Specific formats;Spotify_createPlaylist-daikon.inv.unary.string.FixedLengthString;Spotify_createPlaylist-Specific formats;TP;TP;TP;0.95;924;198;1122;10000;GPT-3.5
Spotify_createPlaylist;31;daikon.inv.unary.string.FixedLengthString;Specific formats;Spotify_createPlaylist-daikon.inv.unary.string.FixedLengthString;Spotify_createPlaylist-Specific formats;TP;TP;TP;0.95;832;254;1086;10000;GPT-3.5
Spotify_createPlaylist;32;daikon.inv.unary.string.IsUrl;Specific formats;Spotify_createPlaylist-daikon.inv.unary.string.IsUrl;Spotify_createPlaylist-Specific formats;TP;TP;TP;0.9;827;255;1082;10000;GPT-3.5
Spotify_createPlaylist;33;daikon.inv.unary.string.FixedLengthString;Specific formats;Spotify_createPlaylist-daikon.inv.unary.string.FixedLengthString;Spotify_createPlaylist-Specific formats;TP;TP;TP;0.9;666;195;861;10000;GPT-3.5
Spotify_createPlaylist;34;daikon.inv.unary.string.FixedLengthString;Specific formats;Spotify_createPlaylist-daikon.inv.unary.string.FixedLengthString;Spotify_createPlaylist-Specific formats;TP;TP;TP;0.95;786;187;973;10000;GPT-3.5
Spotify_createPlaylist;35;daikon.inv.binary.twoString.StdString$SubString;String comparisons;Spotify_createPlaylist-daikon.inv.binary.twoString.StdString$SubString;Spotify_createPlaylist-String comparisons;TP;TP;TP;0.9;980;205;1185;10000;GPT-3.5
Spotify_createPlaylist;36;daikon.inv.binary.twoString.StdString$SubString;String comparisons;Spotify_createPlaylist-daikon.inv.binary.twoString.StdString$SubString;Spotify_createPlaylist-String comparisons;TP;TP;TP;0.9;973;277;1250;10000;GPT-3.5
Spotify_createPlaylist;37;daikon.inv.binary.twoString.StdString$SubString;String comparisons;Spotify_createPlaylist-daikon.inv.binary.twoString.StdString$SubString;Spotify_createPlaylist-String comparisons;TP;TP;TP;0.9;940;221;1161;10000;GPT-3.5
Spotify_createPlaylist;38;daikon.inv.binary.twoString.StdString$SubString;String comparisons;Spotify_createPlaylist-daikon.inv.binary.twoString.StdString$SubString;Spotify_createPlaylist-String comparisons;TP;TP;TP;1.0;933;214;1147;10000;GPT-3.5
Spotify_createPlaylist;39;daikon.inv.binary.twoString.StdString$SubString;String comparisons;Spotify_createPlaylist-daikon.inv.binary.twoString.StdString$SubString;Spotify_createPlaylist-String comparisons;TP;TP;TP;0.95;873;239;1112;10000;GPT-3.5
Spotify_createPlaylist;40;daikon.inv.binary.twoString.StdString$SubString;String comparisons;Spotify_createPlaylist-daikon.inv.binary.twoString.StdString$SubString;Spotify_createPlaylist-String comparisons;TP;TP;TP;0.95;932;252;1184;10000;GPT-3.5
Spotify_createPlaylist;41;daikon.inv.binary.twoString.StdString$SubString;String comparisons;Spotify_createPlaylist-daikon.inv.binary.twoString.StdString$SubString;Spotify_createPlaylist-String comparisons;TP;TP;TP;0.95;988;304;1292;10000;GPT-3.5
Spotify_createPlaylist;42;daikon.inv.binary.twoString.StdString$SubString;String comparisons;Spotify_createPlaylist-daikon.inv.binary.twoString.StdString$SubString;Spotify_createPlaylist-String comparisons;TP;TP;TP;0.95;868;235;1103;10000;GPT-3.5
Spotify_createPlaylist;43;daikon.inv.binary.twoString.StdString$SubString;String comparisons;Spotify_createPlaylist-daikon.inv.binary.twoString.StdString$SubString;Spotify_createPlaylist-String comparisons;TP;TP;TP;0.95;893;232;1125;10000;GPT-3.5
Spotify_createPlaylist;44;daikon.inv.binary.twoString.StdString$SubString;String comparisons;Spotify_createPlaylist-daikon.inv.binary.twoString.StdString$SubString;Spotify_createPlaylist-String comparisons;TP;TP;TP;0.9;880;242;1122;10000;GPT-3.5
Spotify_createPlaylist;45;daikon.inv.binary.twoString.StdString$SubString;String comparisons;Spotify_createPlaylist-daikon.inv.binary.twoString.StdString$SubString;Spotify_createPlaylist-String comparisons;TP;TP;TP;0.9;873;205;1078;10000;GPT-3.5
Spotify_createPlaylist;46;daikon.inv.binary.twoString.StdString$SubString;String comparisons;Spotify_createPlaylist-daikon.inv.binary.twoString.StdString$SubString;Spotify_createPlaylist-String comparisons;TP;TP;TP;0.9;839;280;1119;10000;GPT-3.5
Spotify_createPlaylist;47;daikon.inv.binary.twoString.StdString$SubString;String comparisons;Spotify_createPlaylist-daikon.inv.binary.twoString.StdString$SubString;Spotify_createPlaylist-String comparisons;TP;TP;TP;0.95;828;239;1067;10000;GPT-3.5
GitHub_getOrganizationRepositories;0;daikon.inv.binary.twoString.StringEqual;String comparisons;GitHub_getOrganizationRepositories-daikon.inv.binary.twoString.StringEqual;GitHub_getOrganizationRepositories-String comparisons;FP;TP;FP;0.95;728;236;964;50;GPT-3.5
GitHub_getOrganizationRepositories;1;daikon.inv.binary.twoScalar.IntEqual;Arithmetic comparisons;GitHub_getOrganizationRepositories-daikon.inv.binary.twoScalar.IntEqual;GitHub_getOrganizationRepositories-Arithmetic comparisons;FP;FP;TN;0.7;661;213;874;10000;GPT-3.5
GitHub_getOrganizationRepositories;2;daikon.inv.binary.twoString.StringEqual;String comparisons;GitHub_getOrganizationRepositories-daikon.inv.binary.twoString.StringEqual;GitHub_getOrganizationRepositories-String comparisons;FP;FP;TN;1.0;808;198;1006;10000;GPT-3.5
GitHub_getOrganizationRepositories;3;daikon.inv.binary.twoScalar.IntEqual;Arithmetic comparisons;GitHub_getOrganizationRepositories-daikon.inv.binary.twoScalar.IntEqual;GitHub_getOrganizationRepositories-Arithmetic comparisons;TP;TP;TP;0.95;707;263;970;10000;GPT-3.5
GitHub_getOrganizationRepositories;4;daikon.inv.binary.twoScalar.IntEqual;Arithmetic comparisons;GitHub_getOrganizationRepositories-daikon.inv.binary.twoScalar.IntEqual;GitHub_getOrganizationRepositories-Arithmetic comparisons;TP;TP;TP;0.95;723;246;969;10000;GPT-3.5
GitHub_getOrganizationRepositories;5;daikon.inv.binary.twoScalar.IntEqual;Arithmetic comparisons;GitHub_getOrganizationRepositories-daikon.inv.binary.twoScalar.IntEqual;GitHub_getOrganizationRepositories-Arithmetic comparisons;TP;TP;TP;0.95;722;209;931;10000;GPT-3.5
GitHub_getOrganizationRepositories;6;daikon.inv.binary.twoScalar.IntEqual;Arithmetic comparisons;GitHub_getOrganizationRepositories-daikon.inv.binary.twoScalar.IntEqual;GitHub_getOrganizationRepositories-Arithmetic comparisons;TP;TP;TP;0.9;709;232;941;10000;GPT-3.5
GitHub_getOrganizationRepositories;7;daikon.inv.binary.twoScalar.IntEqual;Arithmetic comparisons;GitHub_getOrganizationRepositories-daikon.inv.binary.twoScalar.IntEqual;GitHub_getOrganizationRepositories-Arithmetic comparisons;FP;TP;FP;0.9;664;164;828;100;GPT-3.5
GitHub_getOrganizationRepositories;8;daikon.inv.binary.twoScalar.IntEqual;Arithmetic comparisons;GitHub_getOrganizationRepositories-daikon.inv.binary.twoScalar.IntEqual;GitHub_getOrganizationRepositories-Arithmetic comparisons;FP;TP;FP;0.9;671;183;854;10000;GPT-3.5
GitHub_getOrganizationRepositories;9;daikon.inv.binary.twoScalar.IntEqual;Arithmetic comparisons;GitHub_getOrganizationRepositories-daikon.inv.binary.twoScalar.IntEqual;GitHub_getOrganizationRepositories-Arithmetic comparisons;FP;TP;FP;0.9;668;240;908;100;GPT-3.5
GitHub_getOrganizationRepositories;10;daikon.inv.unary.scalar.NonZero;Arithmetic comparisons;GitHub_getOrganizationRepositories-daikon.inv.unary.scalar.NonZero;GitHub_getOrganizationRepositories-Arithmetic comparisons;TP;TP;TP;1.0;604;196;800;10000;GPT-3.5
GitHub_getOrganizationRepositories;11;daikon.inv.unary.string.OneOfString;Specific values;GitHub_getOrganizationRepositories-daikon.inv.unary.string.OneOfString;GitHub_getOrganizationRepositories-Specific values;TP;TP;TP;0.9;701;222;923;10000;GPT-3.5
GitHub_getOrganizationRepositories;12;daikon.inv.unary.string.OneOfString;Specific values;GitHub_getOrganizationRepositories-daikon.inv.unary.string.OneOfString;GitHub_getOrganizationRepositories-Specific values;TP;FP;FN;1.0;681;200;881;10000;GPT-3.5
GitHub_getOrganizationRepositories;13;daikon.inv.unary.scalar.LowerBound;Specific values;GitHub_getOrganizationRepositories-daikon.inv.unary.scalar.LowerBound;GitHub_getOrganizationRepositories-Specific values;TP;TP;TP;0.9;662;258;920;10000;GPT-3.5
GitHub_getOrganizationRepositories;14;daikon.inv.unary.scalar.LowerBound;Specific values;GitHub_getOrganizationRepositories-daikon.inv.unary.scalar.LowerBound;GitHub_getOrganizationRepositories-Specific values;TP;TP;TP;0.95;675;285;960;10000;GPT-3.5
GitHub_getOrganizationRepositories;15;daikon.inv.unary.scalar.LowerBound;Specific values;GitHub_getOrganizationRepositories-daikon.inv.unary.scalar.LowerBound;GitHub_getOrganizationRepositories-Specific values;TP;TP;TP;0.95;652;227;879;10000;GPT-3.5
GitHub_getOrganizationRepositories;16;daikon.inv.unary.scalar.LowerBound;Specific values;GitHub_getOrganizationRepositories-daikon.inv.unary.scalar.LowerBound;GitHub_getOrganizationRepositories-Specific values;TP;TP;TP;0.95;663;210;873;10000;GPT-3.5
GitHub_getOrganizationRepositories;17;daikon.inv.unary.scalar.NonZero;Arithmetic comparisons;GitHub_getOrganizationRepositories-daikon.inv.unary.scalar.NonZero;GitHub_getOrganizationRepositories-Arithmetic comparisons;TP;FP;FN;0.9;607;211;818;10000;GPT-3.5
GitHub_getOrganizationRepositories;18;daikon.inv.unary.scalar.OneOfScalar;Specific values;GitHub_getOrganizationRepositories-daikon.inv.unary.scalar.OneOfScalar;GitHub_getOrganizationRepositories-Specific values;FP;FP;TN;0.9;655;195;850;10000;GPT-3.5
GitHub_getOrganizationRepositories;19;daikon.inv.unary.string.OneOfString;Specific values;GitHub_getOrganizationRepositories-daikon.inv.unary.string.OneOfString;GitHub_getOrganizationRepositories-Specific values;TP;TP;TP;0.9;670;182;852;10000;GPT-3.5
GitHub_getOrganizationRepositories;20;daikon.inv.unary.scalar.NonZero;Arithmetic comparisons;GitHub_getOrganizationRepositories-daikon.inv.unary.scalar.NonZero;GitHub_getOrganizationRepositories-Arithmetic comparisons;TP;TP;TP;0.9;598;188;786;10000;GPT-3.5
GitHub_getOrganizationRepositories;21;daikon.inv.unary.scalar.OneOfScalar;Specific values;GitHub_getOrganizationRepositories-daikon.inv.unary.scalar.OneOfScalar;GitHub_getOrganizationRepositories-Specific values;TP;TP;TP;0.9;668;202;870;10000;GPT-3.5
GitHub_getOrganizationRepositories;22;daikon.inv.binary.twoScalar.IntLessThan;Arithmetic comparisons;GitHub_getOrganizationRepositories-daikon.inv.binary.twoScalar.IntLessThan;GitHub_getOrganizationRepositories-Arithmetic comparisons;FP;TP;FP;0.95;730;268;998;10000;GPT-3.5
GitHub_getOrganizationRepositories;23;daikon.inv.binary.twoScalar.IntLessThan;Arithmetic comparisons;GitHub_getOrganizationRepositories-daikon.inv.binary.twoScalar.IntLessThan;GitHub_getOrganizationRepositories-Arithmetic comparisons;FP;TP;FP;0.95;733;253;986;10000;GPT-3.5
GitHub_getOrganizationRepositories;24;daikon.inv.binary.twoScalar.IntNonEqual;Arithmetic comparisons;GitHub_getOrganizationRepositories-daikon.inv.binary.twoScalar.IntNonEqual;GitHub_getOrganizationRepositories-Arithmetic comparisons;FP;TP;FP;1.0;722;256;978;50;GPT-3.5
GitHub_getOrganizationRepositories;25;daikon.inv.binary.twoScalar.IntGreaterThan;Arithmetic comparisons;GitHub_getOrganizationRepositories-daikon.inv.binary.twoScalar.IntGreaterThan;GitHub_getOrganizationRepositories-Arithmetic comparisons;FP;TP;FP;0.9;785;252;1037;50;GPT-3.5
GitHub_getOrganizationRepositories;26;daikon.inv.binary.twoScalar.IntLessThan;Arithmetic comparisons;GitHub_getOrganizationRepositories-daikon.inv.binary.twoScalar.IntLessThan;GitHub_getOrganizationRepositories-Arithmetic comparisons;FP;TP;FP;0.95;723;227;950;10000;GPT-3.5
GitHub_getOrganizationRepositories;27;daikon.inv.binary.twoScalar.IntLessThan;Arithmetic comparisons;GitHub_getOrganizationRepositories-daikon.inv.binary.twoScalar.IntLessThan;GitHub_getOrganizationRepositories-Arithmetic comparisons;FP;TP;FP;0.9;726;246;972;10000;GPT-3.5
GitHub_getOrganizationRepositories;28;daikon.inv.binary.twoScalar.IntNonEqual;Arithmetic comparisons;GitHub_getOrganizationRepositories-daikon.inv.binary.twoScalar.IntNonEqual;GitHub_getOrganizationRepositories-Arithmetic comparisons;FP;TP;FP;0.95;703;246;949;10000;GPT-3.5
GitHub_getOrganizationRepositories;29;daikon.inv.binary.twoScalar.IntGreaterThan;Arithmetic comparisons;GitHub_getOrganizationRepositories-daikon.inv.binary.twoScalar.IntGreaterThan;GitHub_getOrganizationRepositories-Arithmetic comparisons;FP;TP;FP;0.95;714;271;985;10000;GPT-3.5
GitHub_getOrganizationRepositories;30;daikon.inv.binary.twoScalar.IntGreaterThan;Arithmetic comparisons;GitHub_getOrganizationRepositories-daikon.inv.binary.twoScalar.IntGreaterThan;GitHub_getOrganizationRepositories-Arithmetic comparisons;FP;TP;FP;0.95;723;263;986;10000;GPT-3.5
GitHub_getOrganizationRepositories;31;daikon.inv.binary.twoScalar.IntNonEqual;Arithmetic comparisons;GitHub_getOrganizationRepositories-daikon.inv.binary.twoScalar.IntNonEqual;GitHub_getOrganizationRepositories-Arithmetic comparisons;FP;TP;FP;0.95;705;236;941;10000;GPT-3.5
GitHub_getOrganizationRepositories;32;daikon.inv.binary.twoScalar.IntGreaterThan;Arithmetic comparisons;GitHub_getOrganizationRepositories-daikon.inv.binary.twoScalar.IntGreaterThan;GitHub_getOrganizationRepositories-Arithmetic comparisons;FP;TP;FP;0.95;715;263;978;10000;GPT-3.5
GitHub_getOrganizationRepositories;33;daikon.inv.binary.twoScalar.IntGreaterThan;Arithmetic comparisons;GitHub_getOrganizationRepositories-daikon.inv.binary.twoScalar.IntGreaterThan;GitHub_getOrganizationRepositories-Arithmetic comparisons;FP;TP;FP;0.95;781;298;1079;10000;GPT-3.5
GitHub_getOrganizationRepositories;34;daikon.inv.binary.twoScalar.IntGreaterThan;Arithmetic comparisons;GitHub_getOrganizationRepositories-daikon.inv.binary.twoScalar.IntGreaterThan;GitHub_getOrganizationRepositories-Arithmetic comparisons;FP;TP;FP;0.95;718;250;968;100;GPT-3.5
GitHub_getOrganizationRepositories;35;daikon.inv.binary.twoScalar.IntNonEqual;Arithmetic comparisons;GitHub_getOrganizationRepositories-daikon.inv.binary.twoScalar.IntNonEqual;GitHub_getOrganizationRepositories-Arithmetic comparisons;FP;TP;FP;0.95;730;269;999;10000;GPT-3.5
GitHub_getOrganizationRepositories;36;daikon.inv.binary.twoScalar.IntNonEqual;Arithmetic comparisons;GitHub_getOrganizationRepositories-daikon.inv.binary.twoScalar.IntNonEqual;GitHub_getOrganizationRepositories-Arithmetic comparisons;FP;TP;FP;0.9;707;261;968;10000;GPT-3.5
GitHub_getOrganizationRepositories;37;daikon.inv.binary.twoScalar.IntGreaterThan;Arithmetic comparisons;GitHub_getOrganizationRepositories-daikon.inv.binary.twoScalar.IntGreaterThan;GitHub_getOrganizationRepositories-Arithmetic comparisons;FP;TP;FP;0.95;718;269;987;10000;GPT-3.5
GitHub_getOrganizationRepositories;38;daikon.inv.binary.twoScalar.IntGreaterThan;Arithmetic comparisons;GitHub_getOrganizationRepositories-daikon.inv.binary.twoScalar.IntGreaterThan;GitHub_getOrganizationRepositories-Arithmetic comparisons;FP;TP;FP;0.95;806;284;1090;10000;GPT-3.5
GitHub_getOrganizationRepositories;39;daikon.inv.binary.twoScalar.IntGreaterEqual;Arithmetic comparisons;GitHub_getOrganizationRepositories-daikon.inv.binary.twoScalar.IntGreaterEqual;GitHub_getOrganizationRepositories-Arithmetic comparisons;FP;TP;FP;0.9;729;275;1004;50;GPT-3.5
GitHub_getOrganizationRepositories;40;daikon.inv.unary.scalar.NonZero;Arithmetic comparisons;GitHub_getOrganizationRepositories-daikon.inv.unary.scalar.NonZero;GitHub_getOrganizationRepositories-Arithmetic comparisons;TP;TP;TP;0.9;601;197;798;10000;GPT-3.5
GitHub_getOrganizationRepositories;41;daikon.inv.unary.sequence.EltNonZero;Array properties;GitHub_getOrganizationRepositories-daikon.inv.unary.sequence.EltNonZero;GitHub_getOrganizationRepositories-Array properties;TP;TP;TP;0.9;611;218;829;10000;GPT-3.5
GitHub_getOrganizationRepositories;42;daikon.inv.binary.twoScalar.IntGreaterEqual;Arithmetic comparisons;GitHub_getOrganizationRepositories-daikon.inv.binary.twoScalar.IntGreaterEqual;GitHub_getOrganizationRepositories-Arithmetic comparisons;TP;FP;FN;0.9;631;238;869;10000;GPT-3.5
GitHub_getOrganizationRepositories;43;daikon.inv.binary.twoScalar.IntNonEqual;Arithmetic comparisons;GitHub_getOrganizationRepositories-daikon.inv.binary.twoScalar.IntNonEqual;GitHub_getOrganizationRepositories-Arithmetic comparisons;FP;TP;FP;0.9;628;235;863;100;GPT-3.5
GitHub_getOrganizationRepositories;44;daikon.inv.binary.twoScalar.IntNonEqual;Arithmetic comparisons;GitHub_getOrganizationRepositories-daikon.inv.binary.twoScalar.IntNonEqual;GitHub_getOrganizationRepositories-Arithmetic comparisons;FP;FP;TN;0.8;630;249;879;50;GPT-3.5
GitHub_getOrganizationRepositories;45;daikon.inv.unary.string.IsUrl;Specific formats;GitHub_getOrganizationRepositories-daikon.inv.unary.string.IsUrl;GitHub_getOrganizationRepositories-Specific formats;TP;TP;TP;0.9;747;248;995;10000;GPT-3.5
GitHub_getOrganizationRepositories;46;daikon.inv.unary.string.FixedLengthString;Specific formats;GitHub_getOrganizationRepositories-daikon.inv.unary.string.FixedLengthString;GitHub_getOrganizationRepositories-Specific formats;TP;FP;FN;0.9;677;258;935;10000;GPT-3.5
GitHub_getOrganizationRepositories;47;daikon.inv.unary.string.IsUrl;Specific formats;GitHub_getOrganizationRepositories-daikon.inv.unary.string.IsUrl;GitHub_getOrganizationRepositories-Specific formats;TP;TP;TP;0.9;706;219;925;10000;GPT-3.5
GitHub_getOrganizationRepositories;48;daikon.inv.unary.string.IsUrl;Specific formats;GitHub_getOrganizationRepositories-daikon.inv.unary.string.IsUrl;GitHub_getOrganizationRepositories-Specific formats;TP;TP;TP;0.95;698;166;864;10000;GPT-3.5
GitHub_getOrganizationRepositories;49;daikon.inv.unary.string.IsUrl;Specific formats;GitHub_getOrganizationRepositories-daikon.inv.unary.string.IsUrl;GitHub_getOrganizationRepositories-Specific formats;TP;TP;TP;0.95;753;198;951;10000;GPT-3.5
GitHub_getOrganizationRepositories;50;daikon.inv.unary.string.IsUrl;Specific formats;GitHub_getOrganizationRepositories-daikon.inv.unary.string.IsUrl;GitHub_getOrganizationRepositories-Specific formats;TP;TP;TP;0.95;773;211;984;10000;GPT-3.5
GitHub_getOrganizationRepositories;51;daikon.inv.unary.string.IsUrl;Specific formats;GitHub_getOrganizationRepositories-daikon.inv.unary.string.IsUrl;GitHub_getOrganizationRepositories-Specific formats;TP;TP;TP;0.9;759;169;928;10000;GPT-3.5
GitHub_getOrganizationRepositories;52;daikon.inv.unary.string.IsUrl;Specific formats;GitHub_getOrganizationRepositories-daikon.inv.unary.string.IsUrl;GitHub_getOrganizationRepositories-Specific formats;TP;TP;TP;0.9;774;166;940;10000;GPT-3.5
GitHub_getOrganizationRepositories;53;daikon.inv.unary.string.IsUrl;Specific formats;GitHub_getOrganizationRepositories-daikon.inv.unary.string.IsUrl;GitHub_getOrganizationRepositories-Specific formats;TP;TP;TP;0.95;740;198;938;10000;GPT-3.5
GitHub_getOrganizationRepositories;54;daikon.inv.unary.string.IsUrl;Specific formats;GitHub_getOrganizationRepositories-daikon.inv.unary.string.IsUrl;GitHub_getOrganizationRepositories-Specific formats;TP;TP;TP;0.9;745;188;933;10000;GPT-3.5
GitHub_getOrganizationRepositories;55;daikon.inv.unary.string.IsUrl;Specific formats;GitHub_getOrganizationRepositories-daikon.inv.unary.string.IsUrl;GitHub_getOrganizationRepositories-Specific formats;TP;TP;TP;0.9;736;235;971;10000;GPT-3.5
GitHub_getOrganizationRepositories;56;daikon.inv.unary.string.IsUrl;Specific formats;GitHub_getOrganizationRepositories-daikon.inv.unary.string.IsUrl;GitHub_getOrganizationRepositories-Specific formats;TP;TP;TP;0.9;729;191;920;10000;GPT-3.5
GitHub_getOrganizationRepositories;57;daikon.inv.unary.string.IsUrl;Specific formats;GitHub_getOrganizationRepositories-daikon.inv.unary.string.IsUrl;GitHub_getOrganizationRepositories-Specific formats;TP;TP;TP;0.9;760;189;949;10000;GPT-3.5
GitHub_getOrganizationRepositories;58;daikon.inv.unary.string.FixedLengthString;Specific formats;GitHub_getOrganizationRepositories-daikon.inv.unary.string.FixedLengthString;GitHub_getOrganizationRepositories-Specific formats;TP;FP;FN;0.9;656;215;871;10000;GPT-3.5
GitHub_getOrganizationRepositories;59;daikon.inv.unary.string.IsUrl;Specific formats;GitHub_getOrganizationRepositories-daikon.inv.unary.string.IsUrl;GitHub_getOrganizationRepositories-Specific formats;TP;TP;TP;0.95;711;206;917;10000;GPT-3.5
GitHub_getOrganizationRepositories;60;daikon.inv.unary.string.IsUrl;Specific formats;GitHub_getOrganizationRepositories-daikon.inv.unary.string.IsUrl;GitHub_getOrganizationRepositories-Specific formats;TP;TP;TP;0.9;715;173;888;10000;GPT-3.5
GitHub_getOrganizationRepositories;61;daikon.inv.unary.string.IsUrl;Specific formats;GitHub_getOrganizationRepositories-daikon.inv.unary.string.IsUrl;GitHub_getOrganizationRepositories-Specific formats;TP;TP;TP;0.95;762;228;990;10000;GPT-3.5
GitHub_getOrganizationRepositories;62;daikon.inv.unary.string.IsUrl;Specific formats;GitHub_getOrganizationRepositories-daikon.inv.unary.string.IsUrl;GitHub_getOrganizationRepositories-Specific formats;TP;TP;TP;0.95;761;186;947;10000;GPT-3.5
GitHub_getOrganizationRepositories;63;daikon.inv.unary.string.IsUrl;Specific formats;GitHub_getOrganizationRepositories-daikon.inv.unary.string.IsUrl;GitHub_getOrganizationRepositories-Specific formats;TP;TP;TP;0.95;762;218;980;10000;GPT-3.5
GitHub_getOrganizationRepositories;64;daikon.inv.unary.string.IsUrl;Specific formats;GitHub_getOrganizationRepositories-daikon.inv.unary.string.IsUrl;GitHub_getOrganizationRepositories-Specific formats;TP;TP;TP;0.95;757;193;950;10000;GPT-3.5
GitHub_getOrganizationRepositories;65;daikon.inv.unary.string.IsUrl;Specific formats;GitHub_getOrganizationRepositories-daikon.inv.unary.string.IsUrl;GitHub_getOrganizationRepositories-Specific formats;TP;TP;TP;0.95;791;205;996;10000;GPT-3.5
GitHub_getOrganizationRepositories;66;daikon.inv.unary.string.IsUrl;Specific formats;GitHub_getOrganizationRepositories-daikon.inv.unary.string.IsUrl;GitHub_getOrganizationRepositories-Specific formats;TP;TP;TP;0.95;751;216;967;10000;GPT-3.5
GitHub_getOrganizationRepositories;67;daikon.inv.unary.string.IsUrl;Specific formats;GitHub_getOrganizationRepositories-daikon.inv.unary.string.IsUrl;GitHub_getOrganizationRepositories-Specific formats;TP;TP;TP;0.95;761;219;980;10000;GPT-3.5
GitHub_getOrganizationRepositories;68;daikon.inv.unary.string.IsUrl;Specific formats;GitHub_getOrganizationRepositories-daikon.inv.unary.string.IsUrl;GitHub_getOrganizationRepositories-Specific formats;TP;TP;TP;0.9;776;186;962;10000;GPT-3.5
GitHub_getOrganizationRepositories;69;daikon.inv.unary.string.IsUrl;Specific formats;GitHub_getOrganizationRepositories-daikon.inv.unary.string.IsUrl;GitHub_getOrganizationRepositories-Specific formats;TP;TP;TP;0.9;759;200;959;10000;GPT-3.5
GitHub_getOrganizationRepositories;70;daikon.inv.unary.string.IsUrl;Specific formats;GitHub_getOrganizationRepositories-daikon.inv.unary.string.IsUrl;GitHub_getOrganizationRepositories-Specific formats;TP;TP;TP;0.9;749;199;948;10000;GPT-3.5
GitHub_getOrganizationRepositories;71;daikon.inv.unary.string.IsUrl;Specific formats;GitHub_getOrganizationRepositories-daikon.inv.unary.string.IsUrl;GitHub_getOrganizationRepositories-Specific formats;TP;TP;TP;0.95;754;220;974;10000;GPT-3.5
GitHub_getOrganizationRepositories;72;daikon.inv.unary.string.IsUrl;Specific formats;GitHub_getOrganizationRepositories-daikon.inv.unary.string.IsUrl;GitHub_getOrganizationRepositories-Specific formats;TP;TP;TP;0.95;741;188;929;10000;GPT-3.5
GitHub_getOrganizationRepositories;73;daikon.inv.unary.string.IsUrl;Specific formats;GitHub_getOrganizationRepositories-daikon.inv.unary.string.IsUrl;GitHub_getOrganizationRepositories-Specific formats;TP;TP;TP;0.9;742;175;917;10000;GPT-3.5
GitHub_getOrganizationRepositories;74;daikon.inv.unary.string.IsUrl;Specific formats;GitHub_getOrganizationRepositories-daikon.inv.unary.string.IsUrl;GitHub_getOrganizationRepositories-Specific formats;TP;TP;TP;0.95;747;233;980;10000;GPT-3.5
GitHub_getOrganizationRepositories;75;daikon.inv.unary.string.IsUrl;Specific formats;GitHub_getOrganizationRepositories-daikon.inv.unary.string.IsUrl;GitHub_getOrganizationRepositories-Specific formats;TP;TP;TP;0.95;776;243;1019;10000;GPT-3.5
GitHub_getOrganizationRepositories;76;daikon.inv.unary.string.IsUrl;Specific formats;GitHub_getOrganizationRepositories-daikon.inv.unary.string.IsUrl;GitHub_getOrganizationRepositories-Specific formats;TP;TP;TP;0.95;761;219;980;10000;GPT-3.5
GitHub_getOrganizationRepositories;77;daikon.inv.unary.string.IsUrl;Specific formats;GitHub_getOrganizationRepositories-daikon.inv.unary.string.IsUrl;GitHub_getOrganizationRepositories-Specific formats;TP;TP;TP;0.95;763;197;960;10000;GPT-3.5
GitHub_getOrganizationRepositories;78;daikon.inv.unary.string.IsUrl;Specific formats;GitHub_getOrganizationRepositories-daikon.inv.unary.string.IsUrl;GitHub_getOrganizationRepositories-Specific formats;TP;TP;TP;0.95;760;204;964;10000;GPT-3.5
GitHub_getOrganizationRepositories;79;daikon.inv.unary.string.IsUrl;Specific formats;GitHub_getOrganizationRepositories-daikon.inv.unary.string.IsUrl;GitHub_getOrganizationRepositories-Specific formats;TP;TP;TP;0.95;762;222;984;10000;GPT-3.5
GitHub_getOrganizationRepositories;80;daikon.inv.unary.string.IsUrl;Specific formats;GitHub_getOrganizationRepositories-daikon.inv.unary.string.IsUrl;GitHub_getOrganizationRepositories-Specific formats;TP;TP;TP;0.95;763;213;976;10000;GPT-3.5
GitHub_getOrganizationRepositories;81;daikon.inv.unary.string.IsUrl;Specific formats;GitHub_getOrganizationRepositories-daikon.inv.unary.string.IsUrl;GitHub_getOrganizationRepositories-Specific formats;TP;TP;TP;0.9;778;189;967;10000;GPT-3.5
GitHub_getOrganizationRepositories;82;daikon.inv.unary.string.IsUrl;Specific formats;GitHub_getOrganizationRepositories-daikon.inv.unary.string.IsUrl;GitHub_getOrganizationRepositories-Specific formats;TP;TP;TP;0.95;745;175;920;10000;GPT-3.5
GitHub_getOrganizationRepositories;83;daikon.inv.unary.string.IsUrl;Specific formats;GitHub_getOrganizationRepositories-daikon.inv.unary.string.IsUrl;GitHub_getOrganizationRepositories-Specific formats;TP;TP;TP;0.95;736;187;923;10000;GPT-3.5
GitHub_getOrganizationRepositories;84;daikon.inv.unary.string.IsUrl;Specific formats;GitHub_getOrganizationRepositories-daikon.inv.unary.string.IsUrl;GitHub_getOrganizationRepositories-Specific formats;TP;TP;TP;0.95;757;250;1007;10000;GPT-3.5
GitHub_getOrganizationRepositories;85;daikon.inv.unary.string.IsUrl;Specific formats;GitHub_getOrganizationRepositories-daikon.inv.unary.string.IsUrl;GitHub_getOrganizationRepositories-Specific formats;TP;TP;TP;0.9;774;193;967;10000;GPT-3.5
GitHub_getOrganizationRepositories;86;daikon.inv.unary.string.IsUrl;Specific formats;GitHub_getOrganizationRepositories-daikon.inv.unary.string.IsUrl;GitHub_getOrganizationRepositories-Specific formats;TP;TP;TP;1.0;795;175;970;10000;GPT-3.5
GitHub_getOrganizationRepositories;87;daikon.inv.unary.string.IsUrl;Specific formats;GitHub_getOrganizationRepositories-daikon.inv.unary.string.IsUrl;GitHub_getOrganizationRepositories-Specific formats;TP;TP;TP;0.95;755;247;1002;10000;GPT-3.5
GitHub_getOrganizationRepositories;88;daikon.inv.unary.string.IsUrl;Specific formats;GitHub_getOrganizationRepositories-daikon.inv.unary.string.IsUrl;GitHub_getOrganizationRepositories-Specific formats;TP;TP;TP;0.95;752;207;959;10000;GPT-3.5
GitHub_getOrganizationRepositories;89;daikon.inv.unary.string.IsUrl;Specific formats;GitHub_getOrganizationRepositories-daikon.inv.unary.string.IsUrl;GitHub_getOrganizationRepositories-Specific formats;TP;TP;TP;0.9;758;205;963;10000;GPT-3.5
GitHub_getOrganizationRepositories;90;daikon.inv.unary.string.IsUrl;Specific formats;GitHub_getOrganizationRepositories-daikon.inv.unary.string.IsUrl;GitHub_getOrganizationRepositories-Specific formats;TP;TP;TP;0.95;763;195;958;10000;GPT-3.5
GitHub_getOrganizationRepositories;91;daikon.inv.unary.string.IsUrl;Specific formats;GitHub_getOrganizationRepositories-daikon.inv.unary.string.IsUrl;GitHub_getOrganizationRepositories-Specific formats;TP;TP;TP;0.95;745;227;972;10000;GPT-3.5
GitHub_getOrganizationRepositories;92;daikon.inv.unary.string.IsUrl;Specific formats;GitHub_getOrganizationRepositories-daikon.inv.unary.string.IsUrl;GitHub_getOrganizationRepositories-Specific formats;TP;TP;TP;0.95;731;221;952;10000;GPT-3.5
GitHub_getOrganizationRepositories;93;daikon.inv.unary.string.IsUrl;Specific formats;GitHub_getOrganizationRepositories-daikon.inv.unary.string.IsUrl;GitHub_getOrganizationRepositories-Specific formats;TP;TP;TP;0.9;729;175;904;10000;GPT-3.5
GitHub_getOrganizationRepositories;94;daikon.inv.unary.string.IsUrl;Specific formats;GitHub_getOrganizationRepositories-daikon.inv.unary.string.IsUrl;GitHub_getOrganizationRepositories-Specific formats;TP;TP;TP;0.95;752;198;950;10000;GPT-3.5
GitHub_getOrganizationRepositories;95;daikon.inv.unary.string.IsUrl;Specific formats;GitHub_getOrganizationRepositories-daikon.inv.unary.string.IsUrl;GitHub_getOrganizationRepositories-Specific formats;TP;TP;TP;0.95;776;223;999;10000;GPT-3.5
GitHub_getOrganizationRepositories;96;daikon.inv.unary.string.IsUrl;Specific formats;GitHub_getOrganizationRepositories-daikon.inv.unary.string.IsUrl;GitHub_getOrganizationRepositories-Specific formats;TP;TP;TP;0.9;711;152;863;10000;GPT-3.5
GitHub_getOrganizationRepositories;97;daikon.inv.unary.string.IsUrl;Specific formats;GitHub_getOrganizationRepositories-daikon.inv.unary.string.IsUrl;GitHub_getOrganizationRepositories-Specific formats;TP;TP;TP;0.95;738;220;958;10000;GPT-3.5
GitHub_getOrganizationRepositories;98;daikon.inv.unary.string.FixedLengthString;Specific formats;GitHub_getOrganizationRepositories-daikon.inv.unary.string.FixedLengthString;GitHub_getOrganizationRepositories-Specific formats;TP;TP;TP;0.95;745;267;1012;10000;GPT-3.5
GitHub_getOrganizationRepositories;99;daikon.inv.unary.string.dates.IsTimestampYYYYMMHHThhmmssmm;Specific formats;GitHub_getOrganizationRepositories-daikon.inv.unary.string.dates.IsTimestampYYYYMMHHThhmmssmm;GitHub_getOrganizationRepositories-Specific formats;TP;TP;TP;0.95;771;243;1014;10000;GPT-3.5
GitHub_getOrganizationRepositories;100;daikon.inv.unary.string.FixedLengthString;Specific formats;GitHub_getOrganizationRepositories-daikon.inv.unary.string.FixedLengthString;GitHub_getOrganizationRepositories-Specific formats;TP;TP;TP;0.95;739;238;977;10000;GPT-3.5
GitHub_getOrganizationRepositories;101;daikon.inv.unary.string.dates.IsTimestampYYYYMMHHThhmmssmm;Specific formats;GitHub_getOrganizationRepositories-daikon.inv.unary.string.dates.IsTimestampYYYYMMHHThhmmssmm;GitHub_getOrganizationRepositories-Specific formats;TP;TP;TP;0.95;765;239;1004;10000;GPT-3.5
GitHub_getOrganizationRepositories;102;daikon.inv.unary.string.FixedLengthString;Specific formats;GitHub_getOrganizationRepositories-daikon.inv.unary.string.FixedLengthString;GitHub_getOrganizationRepositories-Specific formats;TP;TP;TP;0.95;739;251;990;10000;GPT-3.5
GitHub_getOrganizationRepositories;103;daikon.inv.unary.string.dates.IsTimestampYYYYMMHHThhmmssmm;Specific formats;GitHub_getOrganizationRepositories-daikon.inv.unary.string.dates.IsTimestampYYYYMMHHThhmmssmm;GitHub_getOrganizationRepositories-Specific formats;TP;TP;TP;0.95;765;227;992;10000;GPT-3.5
GitHub_getOrganizationRepositories;104;daikon.inv.unary.string.IsUrl;Specific formats;GitHub_getOrganizationRepositories-daikon.inv.unary.string.IsUrl;GitHub_getOrganizationRepositories-Specific formats;TP;TP;TP;0.95;725;202;927;10000;GPT-3.5
GitHub_getOrganizationRepositories;105;daikon.inv.unary.string.FixedLengthString;Specific formats;GitHub_getOrganizationRepositories-daikon.inv.unary.string.FixedLengthString;GitHub_getOrganizationRepositories-Specific formats;TP;TP;TP;0.95;749;258;1007;10000;GPT-3.5
GitHub_getOrganizationRepositories;106;daikon.inv.binary.twoString.StdString$SubString;String comparisons;GitHub_getOrganizationRepositories-daikon.inv.binary.twoString.StdString$SubString;GitHub_getOrganizationRepositories-String comparisons;FP;TP;FP;0.9;742;218;960;50;GPT-3.5
GitHub_getOrganizationRepositories;107;daikon.inv.binary.twoString.StdString$SubString;String comparisons;GitHub_getOrganizationRepositories-daikon.inv.binary.twoString.StdString$SubString;GitHub_getOrganizationRepositories-String comparisons;FP;TP;FP;0.9;759;203;962;50;GPT-3.5
GitHub_getOrganizationRepositories;108;daikon.inv.binary.twoString.StdString$SubString;String comparisons;GitHub_getOrganizationRepositories-daikon.inv.binary.twoString.StdString$SubString;GitHub_getOrganizationRepositories-String comparisons;FP;TP;FP;0.9;750;261;1011;50;GPT-3.5
GitHub_getOrganizationRepositories;109;daikon.inv.binary.twoString.StdString$SubString;String comparisons;GitHub_getOrganizationRepositories-daikon.inv.binary.twoString.StdString$SubString;GitHub_getOrganizationRepositories-String comparisons;TP;TP;TP;0.9;759;200;959;10000;GPT-3.5
GitHub_getOrganizationRepositories;110;daikon.inv.binary.twoString.StdString$SubString;String comparisons;GitHub_getOrganizationRepositories-daikon.inv.binary.twoString.StdString$SubString;GitHub_getOrganizationRepositories-String comparisons;TP;TP;TP;0.9;810;186;996;10000;GPT-3.5
GitHub_getOrganizationRepositories;111;daikon.inv.binary.twoString.StdString$SubString;String comparisons;GitHub_getOrganizationRepositories-daikon.inv.binary.twoString.StdString$SubString;GitHub_getOrganizationRepositories-String comparisons;TP;TP;TP;0.95;821;190;1011;10000;GPT-3.5
GitHub_getOrganizationRepositories;112;daikon.inv.binary.twoString.StdString$SubString;String comparisons;GitHub_getOrganizationRepositories-daikon.inv.binary.twoString.StdString$SubString;GitHub_getOrganizationRepositories-String comparisons;TP;TP;TP;0.9;789;288;1077;10000;GPT-3.5
GitHub_getOrganizationRepositories;113;daikon.inv.binary.twoString.StdString$SubString;String comparisons;GitHub_getOrganizationRepositories-daikon.inv.binary.twoString.StdString$SubString;GitHub_getOrganizationRepositories-String comparisons;TP;TP;TP;0.95;796;275;1071;10000;GPT-3.5
GitHub_getOrganizationRepositories;114;daikon.inv.binary.twoString.StdString$SubString;String comparisons;GitHub_getOrganizationRepositories-daikon.inv.binary.twoString.StdString$SubString;GitHub_getOrganizationRepositories-String comparisons;TP;TP;TP;0.95;852;241;1093;10000;GPT-3.5
GitHub_getOrganizationRepositories;115;daikon.inv.binary.twoString.StdString$SubString;String comparisons;GitHub_getOrganizationRepositories-daikon.inv.binary.twoString.StdString$SubString;GitHub_getOrganizationRepositories-String comparisons;TP;TP;TP;0.95;866;263;1129;10000;GPT-3.5
GitHub_getOrganizationRepositories;116;daikon.inv.binary.twoString.StdString$SubString;String comparisons;GitHub_getOrganizationRepositories-daikon.inv.binary.twoString.StdString$SubString;GitHub_getOrganizationRepositories-String comparisons;TP;TP;TP;0.95;865;298;1163;10000;GPT-3.5
GitHub_getOrganizationRepositories;117;daikon.inv.binary.twoString.StdString$SubString;String comparisons;GitHub_getOrganizationRepositories-daikon.inv.binary.twoString.StdString$SubString;GitHub_getOrganizationRepositories-String comparisons;TP;TP;TP;0.9;876;266;1142;10000;GPT-3.5
GitHub_getOrganizationRepositories;118;daikon.inv.binary.twoString.StdString$SubString;String comparisons;GitHub_getOrganizationRepositories-daikon.inv.binary.twoString.StdString$SubString;GitHub_getOrganizationRepositories-String comparisons;TP;TP;TP;0.95;844;236;1080;10000;GPT-3.5
GitHub_getOrganizationRepositories;119;daikon.inv.binary.twoString.StdString$SubString;String comparisons;GitHub_getOrganizationRepositories-daikon.inv.binary.twoString.StdString$SubString;GitHub_getOrganizationRepositories-String comparisons;TP;TP;TP;0.95;844;255;1099;10000;GPT-3.5
GitHub_getOrganizationRepositories;120;daikon.inv.binary.twoString.StdString$SubString;String comparisons;GitHub_getOrganizationRepositories-daikon.inv.binary.twoString.StdString$SubString;GitHub_getOrganizationRepositories-String comparisons;TP;TP;TP;0.95;842;221;1063;10000;GPT-3.5
GitHub_getOrganizationRepositories;121;daikon.inv.binary.twoString.StdString$SubString;String comparisons;GitHub_getOrganizationRepositories-daikon.inv.binary.twoString.StdString$SubString;GitHub_getOrganizationRepositories-String comparisons;TP;TP;TP;0.9;823;190;1013;10000;GPT-3.5
GitHub_getOrganizationRepositories;122;daikon.inv.binary.twoString.StdString$SubString;String comparisons;GitHub_getOrganizationRepositories-daikon.inv.binary.twoString.StdString$SubString;GitHub_getOrganizationRepositories-String comparisons;TP;TP;TP;0.95;857;211;1068;10000;GPT-3.5
GitHub_getOrganizationRepositories;123;daikon.inv.binary.twoString.StdString$SubString;String comparisons;GitHub_getOrganizationRepositories-daikon.inv.binary.twoString.StdString$SubString;GitHub_getOrganizationRepositories-String comparisons;TP;TP;TP;0.95;782;253;1035;10000;GPT-3.5
GitHub_getOrganizationRepositories;124;daikon.inv.binary.twoString.StdString$SubString;String comparisons;GitHub_getOrganizationRepositories-daikon.inv.binary.twoString.StdString$SubString;GitHub_getOrganizationRepositories-String comparisons;TP;TP;TP;0.9;821;200;1021;10000;GPT-3.5
GitHub_getOrganizationRepositories;125;daikon.inv.binary.twoString.StdString$SubString;String comparisons;GitHub_getOrganizationRepositories-daikon.inv.binary.twoString.StdString$SubString;GitHub_getOrganizationRepositories-String comparisons;TP;TP;TP;0.95;876;245;1121;10000;GPT-3.5
GitHub_getOrganizationRepositories;126;daikon.inv.binary.twoString.StdString$SubString;String comparisons;GitHub_getOrganizationRepositories-daikon.inv.binary.twoString.StdString$SubString;GitHub_getOrganizationRepositories-String comparisons;TP;TP;TP;0.95;877;235;1112;10000;GPT-3.5
GitHub_getOrganizationRepositories;127;daikon.inv.binary.twoString.StdString$SubString;String comparisons;GitHub_getOrganizationRepositories-daikon.inv.binary.twoString.StdString$SubString;GitHub_getOrganizationRepositories-String comparisons;TP;TP;TP;0.9;870;264;1134;10000;GPT-3.5
GitHub_getOrganizationRepositories;128;daikon.inv.binary.twoString.StdString$SubString;String comparisons;GitHub_getOrganizationRepositories-daikon.inv.binary.twoString.StdString$SubString;GitHub_getOrganizationRepositories-String comparisons;TP;TP;TP;0.95;862;245;1107;10000;GPT-3.5
GitHub_getOrganizationRepositories;129;daikon.inv.binary.twoString.StdString$SubString;String comparisons;GitHub_getOrganizationRepositories-daikon.inv.binary.twoString.StdString$SubString;GitHub_getOrganizationRepositories-String comparisons;TP;TP;TP;0.95;880;218;1098;10000;GPT-3.5
GitHub_getOrganizationRepositories;130;daikon.inv.binary.twoString.StdString$SubString;String comparisons;GitHub_getOrganizationRepositories-daikon.inv.binary.twoString.StdString$SubString;GitHub_getOrganizationRepositories-String comparisons;TP;TP;TP;0.95;860;199;1059;10000;GPT-3.5
GitHub_getOrganizationRepositories;131;daikon.inv.binary.twoString.StdString$SubString;String comparisons;GitHub_getOrganizationRepositories-daikon.inv.binary.twoString.StdString$SubString;GitHub_getOrganizationRepositories-String comparisons;TP;TP;TP;0.9;888;211;1099;10000;GPT-3.5
GitHub_getOrganizationRepositories;132;daikon.inv.binary.twoString.StdString$SubString;String comparisons;GitHub_getOrganizationRepositories-daikon.inv.binary.twoString.StdString$SubString;GitHub_getOrganizationRepositories-String comparisons;TP;TP;TP;0.95;908;254;1162;10000;GPT-3.5
GitHub_getOrganizationRepositories;133;daikon.inv.binary.twoString.StdString$SubString;String comparisons;GitHub_getOrganizationRepositories-daikon.inv.binary.twoString.StdString$SubString;GitHub_getOrganizationRepositories-String comparisons;TP;TP;TP;0.95;874;203;1077;10000;GPT-3.5
GitHub_getOrganizationRepositories;134;daikon.inv.binary.twoString.StdString$SubString;String comparisons;GitHub_getOrganizationRepositories-daikon.inv.binary.twoString.StdString$SubString;GitHub_getOrganizationRepositories-String comparisons;TP;TP;TP;0.9;858;230;1088;10000;GPT-3.5
GitHub_getOrganizationRepositories;135;daikon.inv.binary.twoString.StdString$SubString;String comparisons;GitHub_getOrganizationRepositories-daikon.inv.binary.twoString.StdString$SubString;GitHub_getOrganizationRepositories-String comparisons;TP;TP;TP;0.95;858;252;1110;10000;GPT-3.5
GitHub_getOrganizationRepositories;136;daikon.inv.binary.twoString.StdString$SubString;String comparisons;GitHub_getOrganizationRepositories-daikon.inv.binary.twoString.StdString$SubString;GitHub_getOrganizationRepositories-String comparisons;TP;TP;TP;0.9;852;192;1044;10000;GPT-3.5
GitHub_getOrganizationRepositories;137;daikon.inv.binary.twoString.StdString$SubString;String comparisons;GitHub_getOrganizationRepositories-daikon.inv.binary.twoString.StdString$SubString;GitHub_getOrganizationRepositories-String comparisons;TP;TP;TP;0.9;852;202;1054;10000;GPT-3.5
GitHub_getOrganizationRepositories;138;daikon.inv.binary.twoString.StdString$SubString;String comparisons;GitHub_getOrganizationRepositories-daikon.inv.binary.twoString.StdString$SubString;GitHub_getOrganizationRepositories-String comparisons;TP;TP;TP;0.9;852;194;1046;10000;GPT-3.5
GitHub_getOrganizationRepositories;139;daikon.inv.binary.twoString.StdString$SubString;String comparisons;GitHub_getOrganizationRepositories-daikon.inv.binary.twoString.StdString$SubString;GitHub_getOrganizationRepositories-String comparisons;TP;TP;TP;0.95;902;264;1166;10000;GPT-3.5
GitHub_getOrganizationRepositories;140;daikon.inv.binary.twoString.StdString$SubString;String comparisons;GitHub_getOrganizationRepositories-daikon.inv.binary.twoString.StdString$SubString;GitHub_getOrganizationRepositories-String comparisons;TP;TP;TP;0.95;869;237;1106;10000;GPT-3.5
GitHub_getOrganizationRepositories;141;daikon.inv.binary.twoString.StdString$SubString;String comparisons;GitHub_getOrganizationRepositories-daikon.inv.binary.twoString.StdString$SubString;GitHub_getOrganizationRepositories-String comparisons;TP;TP;TP;0.9;869;201;1070;10000;GPT-3.5
GitHub_getOrganizationRepositories;142;daikon.inv.binary.twoString.StdString$SubString;String comparisons;GitHub_getOrganizationRepositories-daikon.inv.binary.twoString.StdString$SubString;GitHub_getOrganizationRepositories-String comparisons;TP;TP;TP;0.9;873;212;1085;10000;GPT-3.5
GitHub_getOrganizationRepositories;143;daikon.inv.binary.twoString.StdString$SubString;String comparisons;GitHub_getOrganizationRepositories-daikon.inv.binary.twoString.StdString$SubString;GitHub_getOrganizationRepositories-String comparisons;TP;TP;TP;0.95;887;247;1134;10000;GPT-3.5
GitHub_getOrganizationRepositories;144;daikon.inv.binary.twoString.StdString$SubString;String comparisons;GitHub_getOrganizationRepositories-daikon.inv.binary.twoString.StdString$SubString;GitHub_getOrganizationRepositories-String comparisons;TP;TP;TP;0.95;872;214;1086;10000;GPT-3.5
GitHub_getOrganizationRepositories;145;daikon.inv.binary.twoString.StdString$SubString;String comparisons;GitHub_getOrganizationRepositories-daikon.inv.binary.twoString.StdString$SubString;GitHub_getOrganizationRepositories-String comparisons;TP;TP;TP;0.95;880;203;1083;10000;GPT-3.5
GitHub_getOrganizationRepositories;146;daikon.inv.binary.twoString.StdString$SubString;String comparisons;GitHub_getOrganizationRepositories-daikon.inv.binary.twoString.StdString$SubString;GitHub_getOrganizationRepositories-String comparisons;TP;TP;TP;0.9;856;178;1034;10000;GPT-3.5
GitHub_getOrganizationRepositories;147;daikon.inv.binary.twoString.StdString$SubString;String comparisons;GitHub_getOrganizationRepositories-daikon.inv.binary.twoString.StdString$SubString;GitHub_getOrganizationRepositories-String comparisons;TP;TP;TP;0.95;852;215;1067;10000;GPT-3.5
GitHub_getOrganizationRepositories;148;daikon.inv.binary.twoString.StdString$SubString;String comparisons;GitHub_getOrganizationRepositories-daikon.inv.binary.twoString.StdString$SubString;GitHub_getOrganizationRepositories-String comparisons;TP;TP;TP;0.95;876;232;1108;10000;GPT-3.5
GitHub_getOrganizationRepositories;149;daikon.inv.binary.twoString.StdString$SubString;String comparisons;GitHub_getOrganizationRepositories-daikon.inv.binary.twoString.StdString$SubString;GitHub_getOrganizationRepositories-String comparisons;TP;TP;TP;0.95;882;234;1116;10000;GPT-3.5
GitHub_getOrganizationRepositories;150;daikon.inv.binary.twoString.StdString$SubString;String comparisons;GitHub_getOrganizationRepositories-daikon.inv.binary.twoString.StdString$SubString;GitHub_getOrganizationRepositories-String comparisons;TP;TP;TP;0.95;904;241;1145;10000;GPT-3.5
GitHub_getOrganizationRepositories;151;daikon.inv.binary.twoString.StdString$SubString;String comparisons;GitHub_getOrganizationRepositories-daikon.inv.binary.twoString.StdString$SubString;GitHub_getOrganizationRepositories-String comparisons;TP;TP;TP;0.95;862;264;1126;10000;GPT-3.5
GitHub_getOrganizationRepositories;152;daikon.inv.binary.twoString.StdString$SubString;String comparisons;GitHub_getOrganizationRepositories-daikon.inv.binary.twoString.StdString$SubString;GitHub_getOrganizationRepositories-String comparisons;TP;TP;TP;0.95;866;226;1092;10000;GPT-3.5
GitHub_getOrganizationRepositories;153;daikon.inv.binary.twoString.StdString$SubString;String comparisons;GitHub_getOrganizationRepositories-daikon.inv.binary.twoString.StdString$SubString;GitHub_getOrganizationRepositories-String comparisons;TP;TP;TP;0.95;860;244;1104;10000;GPT-3.5
GitHub_getOrganizationRepositories;154;daikon.inv.binary.twoString.StdString$SubString;String comparisons;GitHub_getOrganizationRepositories-daikon.inv.binary.twoString.StdString$SubString;GitHub_getOrganizationRepositories-String comparisons;TP;TP;TP;0.95;892;248;1140;10000;GPT-3.5
GitHub_getOrganizationRepositories;155;daikon.inv.binary.twoString.StdString$SubString;String comparisons;GitHub_getOrganizationRepositories-daikon.inv.binary.twoString.StdString$SubString;GitHub_getOrganizationRepositories-String comparisons;TP;TP;TP;0.95;860;234;1094;10000;GPT-3.5
GitHub_getOrganizationRepositories;156;daikon.inv.binary.twoString.StdString$SubString;String comparisons;GitHub_getOrganizationRepositories-daikon.inv.binary.twoString.StdString$SubString;GitHub_getOrganizationRepositories-String comparisons;TP;TP;TP;0.95;860;253;1113;10000;GPT-3.5
GitHub_getOrganizationRepositories;157;daikon.inv.binary.twoString.StdString$SubString;String comparisons;GitHub_getOrganizationRepositories-daikon.inv.binary.twoString.StdString$SubString;GitHub_getOrganizationRepositories-String comparisons;TP;TP;TP;0.95;846;215;1061;10000;GPT-3.5
GitHub_getOrganizationRepositories;158;daikon.inv.binary.twoString.StdString$SubString;String comparisons;GitHub_getOrganizationRepositories-daikon.inv.binary.twoString.StdString$SubString;GitHub_getOrganizationRepositories-String comparisons;TP;TP;TP;0.95;870;196;1066;10000;GPT-3.5
GitHub_getOrganizationRepositories;159;daikon.inv.binary.twoString.StdString$SubString;String comparisons;GitHub_getOrganizationRepositories-daikon.inv.binary.twoString.StdString$SubString;GitHub_getOrganizationRepositories-String comparisons;TP;TP;TP;0.95;874;200;1074;10000;GPT-3.5
GitHub_getOrganizationRepositories;160;daikon.inv.binary.twoString.StdString$SubString;String comparisons;GitHub_getOrganizationRepositories-daikon.inv.binary.twoString.StdString$SubString;GitHub_getOrganizationRepositories-String comparisons;TP;TP;TP;0.95;840;200;1040;10000;GPT-3.5
GitHub_getOrganizationRepositories;161;daikon.inv.binary.twoString.StdString$SubString;String comparisons;GitHub_getOrganizationRepositories-daikon.inv.binary.twoString.StdString$SubString;GitHub_getOrganizationRepositories-String comparisons;TP;TP;TP;0.9;803;273;1076;10000;GPT-3.5
GitHub_getOrganizationRepositories;162;daikon.inv.binary.twoString.StdString$SubString;String comparisons;GitHub_getOrganizationRepositories-daikon.inv.binary.twoString.StdString$SubString;GitHub_getOrganizationRepositories-String comparisons;TP;TP;TP;0.95;764;226;990;10000;GPT-3.5
GitHub_getOrganizationRepositories;163;daikon.inv.binary.twoString.StdString$SubString;String comparisons;GitHub_getOrganizationRepositories-daikon.inv.binary.twoString.StdString$SubString;GitHub_getOrganizationRepositories-String comparisons;TP;TP;TP;0.9;774;201;975;10000;GPT-3.5
GitHub_getOrganizationRepositories;164;daikon.inv.binary.twoString.StdString$SubString;String comparisons;GitHub_getOrganizationRepositories-daikon.inv.binary.twoString.StdString$SubString;GitHub_getOrganizationRepositories-String comparisons;TP;TP;TP;0.95;781;219;1000;10000;GPT-3.5
GitHub_getOrganizationRepositories;165;daikon.inv.binary.twoScalar.IntEqual;Arithmetic comparisons;GitHub_getOrganizationRepositories-daikon.inv.binary.twoScalar.IntEqual;GitHub_getOrganizationRepositories-Arithmetic comparisons;FP;TP;FP;0.9;669;267;936;10000;GPT-3.5
GitHub_getOrganizationRepositories;166;daikon.inv.unary.string.OneOfString;Specific values;GitHub_getOrganizationRepositories-daikon.inv.unary.string.OneOfString;GitHub_getOrganizationRepositories-Specific values;FP;TP;FP;0.9;683;214;897;500;GPT-3.5
GitHub_getOrganizationRepositories;167;daikon.inv.binary.twoScalar.IntNonEqual;Arithmetic comparisons;GitHub_getOrganizationRepositories-daikon.inv.binary.twoScalar.IntNonEqual;GitHub_getOrganizationRepositories-Arithmetic comparisons;FP;TP;FP;0.95;723;270;993;10000;GPT-3.5
GitHub_getOrganizationRepositories;168;daikon.inv.binary.twoString.StdString$SubString;String comparisons;GitHub_getOrganizationRepositories-daikon.inv.binary.twoString.StdString$SubString;GitHub_getOrganizationRepositories-String comparisons;FP;TP;FP;0.95;766;189;955;10000;GPT-3.5
GitHub_getOrganizationRepositories;169;daikon.inv.binary.twoString.StdString$SubString;String comparisons;GitHub_getOrganizationRepositories-daikon.inv.binary.twoString.StdString$SubString;GitHub_getOrganizationRepositories-String comparisons;FP;TP;FP;0.9;695;301;996;1000;GPT-3.5
GitHub_getOrganizationRepositories;170;daikon.inv.binary.twoString.StdString$SubString;String comparisons;GitHub_getOrganizationRepositories-daikon.inv.binary.twoString.StdString$SubString;GitHub_getOrganizationRepositories-String comparisons;TP;TP;TP;0.95;786;278;1064;10000;GPT-3.5
GitHub_getOrganizationRepositories;171;daikon.inv.unary.string.OneOfString;Specific values;GitHub_getOrganizationRepositories-daikon.inv.unary.string.OneOfString;GitHub_getOrganizationRepositories-Specific values;FP;TP;FP;0.9;720;249;969;1000;GPT-3.5
GitHub_getOrganizationRepositories;172;daikon.inv.unary.string.IsUrl;Specific formats;GitHub_getOrganizationRepositories-daikon.inv.unary.string.IsUrl;GitHub_getOrganizationRepositories-Specific formats;TP;TP;TP;0.9;714;157;871;10000;GPT-3.5
Spotify_getArtistAlbums;0;daikon.inv.unary.scalar.NonZero;Arithmetic comparisons;Spotify_getArtistAlbums-daikon.inv.unary.scalar.NonZero;Spotify_getArtistAlbums-Arithmetic comparisons;TP;TP;TP;0.9;676;186;862;10000;GPT-3.5
Spotify_getArtistAlbums;1;daikon.inv.unary.string.OneOfString;Specific values;Spotify_getArtistAlbums-daikon.inv.unary.string.OneOfString;Spotify_getArtistAlbums-Specific values;TP;TP;TP;0.9;736;251;987;10000;GPT-3.5
Spotify_getArtistAlbums;2;daikon.inv.binary.twoScalar.IntEqual;Arithmetic comparisons;Spotify_getArtistAlbums-daikon.inv.binary.twoScalar.IntEqual;Spotify_getArtistAlbums-Arithmetic comparisons;TP;TP;TP;0.9;789;211;1000;10000;GPT-3.5
Spotify_getArtistAlbums;3;daikon.inv.unary.scalar.OneOfScalar;Specific values;Spotify_getArtistAlbums-daikon.inv.unary.scalar.OneOfScalar;Spotify_getArtistAlbums-Specific values;TP;TP;TP;0.9;780;223;1003;10000;GPT-3.5
Spotify_getArtistAlbums;4;daikon.inv.binary.twoScalar.IntLessThan;Arithmetic comparisons;Spotify_getArtistAlbums-daikon.inv.binary.twoScalar.IntLessThan;Spotify_getArtistAlbums-Arithmetic comparisons;FP;TP;FP;0.95;819;228;1047;10000;GPT-3.5
Spotify_getArtistAlbums;5;daikon.inv.binary.twoScalar.IntLessThan;Arithmetic comparisons;Spotify_getArtistAlbums-daikon.inv.binary.twoScalar.IntLessThan;Spotify_getArtistAlbums-Arithmetic comparisons;FP;TP;FP;0.95;808;235;1043;10000;GPT-3.5
Spotify_getArtistAlbums;6;daikon.inv.binary.twoScalar.IntGreaterThan;Arithmetic comparisons;Spotify_getArtistAlbums-daikon.inv.binary.twoScalar.IntGreaterThan;Spotify_getArtistAlbums-Arithmetic comparisons;FP;TP;FP;0.9;877;245;1122;10000;GPT-3.5
Spotify_getArtistAlbums;7;daikon.inv.unary.string.OneOfString;Specific values;Spotify_getArtistAlbums-daikon.inv.unary.string.OneOfString;Spotify_getArtistAlbums-Specific values;TP;TP;TP;0.9;764;200;964;10000;GPT-3.5
Spotify_getArtistAlbums;8;daikon.inv.unary.scalar.NonZero;Arithmetic comparisons;Spotify_getArtistAlbums-daikon.inv.unary.scalar.NonZero;Spotify_getArtistAlbums-Arithmetic comparisons;TP;TP;TP;0.9;663;220;883;10000;GPT-3.5
Spotify_getArtistAlbums;9;daikon.inv.unary.scalar.NonZero;Arithmetic comparisons;Spotify_getArtistAlbums-daikon.inv.unary.scalar.NonZero;Spotify_getArtistAlbums-Arithmetic comparisons;TP;TP;TP;0.9;731;176;907;10000;GPT-3.5
Spotify_getArtistAlbums;10;daikon.inv.unary.sequence.EltNonZero;Array properties;Spotify_getArtistAlbums-daikon.inv.unary.sequence.EltNonZero;Spotify_getArtistAlbums-Array properties;TP;TP;TP;0.95;741;210;951;10000;GPT-3.5
Spotify_getArtistAlbums;11;daikon.inv.unary.string.OneOfString;Specific values;Spotify_getArtistAlbums-daikon.inv.unary.string.OneOfString;Spotify_getArtistAlbums-Specific values;TP;TP;TP;0.9;722;267;989;10000;GPT-3.5
Spotify_getArtistAlbums;12;daikon.inv.unary.scalar.NonZero;Arithmetic comparisons;Spotify_getArtistAlbums-daikon.inv.unary.scalar.NonZero;Spotify_getArtistAlbums-Arithmetic comparisons;TP;TP;TP;0.9;748;247;995;10000;GPT-3.5
Spotify_getArtistAlbums;13;daikon.inv.unary.sequence.EltNonZero;Array properties;Spotify_getArtistAlbums-daikon.inv.unary.sequence.EltNonZero;Spotify_getArtistAlbums-Array properties;TP;TP;TP;0.9;758;220;978;10000;GPT-3.5
Spotify_getArtistAlbums;14;daikon.inv.unary.string.OneOfString;Specific values;Spotify_getArtistAlbums-daikon.inv.unary.string.OneOfString;Spotify_getArtistAlbums-Specific values;FP;TP;FP;0.9;731;239;970;50;GPT-3.5
Spotify_getArtistAlbums;15;daikon.inv.unary.scalar.LowerBound;Specific values;Spotify_getArtistAlbums-daikon.inv.unary.scalar.LowerBound;Spotify_getArtistAlbums-Specific values;TP;TP;TP;0.95;714;270;984;10000;GPT-3.5
Spotify_getArtistAlbums;16;daikon.inv.unary.scalar.OneOfScalar;Specific values;Spotify_getArtistAlbums-daikon.inv.unary.scalar.OneOfScalar;Spotify_getArtistAlbums-Specific values;FP;TP;FP;0.95;778;251;1029;500;GPT-3.5
Spotify_getArtistAlbums;17;daikon.inv.unary.scalar.LowerBound;Specific values;Spotify_getArtistAlbums-daikon.inv.unary.scalar.LowerBound;Spotify_getArtistAlbums-Specific values;TP;TP;TP;0.95;767;218;985;10000;GPT-3.5
Spotify_getArtistAlbums;18;daikon.inv.binary.twoScalar.IntNonEqual;Arithmetic comparisons;Spotify_getArtistAlbums-daikon.inv.binary.twoScalar.IntNonEqual;Spotify_getArtistAlbums-Arithmetic comparisons;FP;TP;FP;0.9;951;283;1234;100;GPT-3.5
Spotify_getArtistAlbums;19;daikon.inv.binary.twoScalar.IntGreaterEqual;Arithmetic comparisons;Spotify_getArtistAlbums-daikon.inv.binary.twoScalar.IntGreaterEqual;Spotify_getArtistAlbums-Arithmetic comparisons;FP;TP;FP;0.9;787;233;1020;100;GPT-3.5
Spotify_getArtistAlbums;20;daikon.inv.binary.twoScalar.IntGreaterThan;Arithmetic comparisons;Spotify_getArtistAlbums-daikon.inv.binary.twoScalar.IntGreaterThan;Spotify_getArtistAlbums-Arithmetic comparisons;FP;TP;FP;0.9;800;215;1015;100;GPT-3.5
Spotify_getArtistAlbums;21;daikon.inv.binary.twoScalar.IntNonEqual;Arithmetic comparisons;Spotify_getArtistAlbums-daikon.inv.binary.twoScalar.IntNonEqual;Spotify_getArtistAlbums-Arithmetic comparisons;FP;TP;FP;0.9;968;295;1263;100;GPT-3.5
Spotify_getArtistAlbums;22;daikon.inv.binary.twoScalar.IntNonEqual;Arithmetic comparisons;Spotify_getArtistAlbums-daikon.inv.binary.twoScalar.IntNonEqual;Spotify_getArtistAlbums-Arithmetic comparisons;FP;TP;FP;0.9;932;211;1143;1000;GPT-3.5
Spotify_getArtistAlbums;23;daikon.inv.binary.twoScalar.IntGreaterEqual;Arithmetic comparisons;Spotify_getArtistAlbums-daikon.inv.binary.twoScalar.IntGreaterEqual;Spotify_getArtistAlbums-Arithmetic comparisons;FP;TP;FP;0.9;792;266;1058;100;GPT-3.5
Spotify_getArtistAlbums;24;daikon.inv.binary.sequenceString.MemberString;Array properties;Spotify_getArtistAlbums-daikon.inv.binary.sequenceString.MemberString;Spotify_getArtistAlbums-Array properties;TP;TP;TP;0.95;849;253;1102;10000;GPT-3.5
Spotify_getArtistAlbums;25;daikon.inv.binary.sequenceString.MemberString;Array properties;Spotify_getArtistAlbums-daikon.inv.binary.sequenceString.MemberString;Spotify_getArtistAlbums-Array properties;FP;TP;FP;0.9;759;239;998;10000;GPT-3.5
Spotify_getArtistAlbums;26;daikon.inv.binary.twoScalar.IntNonEqual;Arithmetic comparisons;Spotify_getArtistAlbums-daikon.inv.binary.twoScalar.IntNonEqual;Spotify_getArtistAlbums-Arithmetic comparisons;FP;TP;FP;0.9;907;217;1124;100;GPT-3.5
Spotify_getArtistAlbums;27;daikon.inv.binary.twoScalar.IntNonEqual;Arithmetic comparisons;Spotify_getArtistAlbums-daikon.inv.binary.twoScalar.IntNonEqual;Spotify_getArtistAlbums-Arithmetic comparisons;FP;TP;FP;0.9;1005;281;1286;50;GPT-3.5
Spotify_getArtistAlbums;28;daikon.inv.binary.twoScalar.IntLessEqual;Arithmetic comparisons;Spotify_getArtistAlbums-daikon.inv.binary.twoScalar.IntLessEqual;Spotify_getArtistAlbums-Arithmetic comparisons;FP;TP;FP;0.95;996;264;1260;100;GPT-3.5
Spotify_getArtistAlbums;29;daikon.inv.binary.twoScalar.IntNonEqual;Arithmetic comparisons;Spotify_getArtistAlbums-daikon.inv.binary.twoScalar.IntNonEqual;Spotify_getArtistAlbums-Arithmetic comparisons;FP;TP;FP;0.9;995;240;1235;500;GPT-3.5
Spotify_getArtistAlbums;30;daikon.inv.binary.twoScalar.IntLessEqual;Arithmetic comparisons;Spotify_getArtistAlbums-daikon.inv.binary.twoScalar.IntLessEqual;Spotify_getArtistAlbums-Arithmetic comparisons;FP;TP;FP;0.9;1000;284;1284;100;GPT-3.5
Spotify_getArtistAlbums;31;daikon.inv.binary.twoScalar.IntLessEqual;Arithmetic comparisons;Spotify_getArtistAlbums-daikon.inv.binary.twoScalar.IntLessEqual;Spotify_getArtistAlbums-Arithmetic comparisons;FP;TP;FP;0.9;845;225;1070;1000;GPT-3.5
Spotify_getArtistAlbums;32;daikon.inv.binary.twoScalar.IntNonEqual;Arithmetic comparisons;Spotify_getArtistAlbums-daikon.inv.binary.twoScalar.IntNonEqual;Spotify_getArtistAlbums-Arithmetic comparisons;FP;FP;TN;0.9;821;266;1087;100;GPT-3.5
Spotify_getArtistAlbums;33;daikon.inv.binary.twoScalar.IntNonEqual;Arithmetic comparisons;Spotify_getArtistAlbums-daikon.inv.binary.twoScalar.IntNonEqual;Spotify_getArtistAlbums-Arithmetic comparisons;FP;FP;TN;0.9;839;272;1111;500;GPT-3.5
Spotify_getArtistAlbums;34;daikon.inv.binary.twoScalar.IntNonEqual;Arithmetic comparisons;Spotify_getArtistAlbums-daikon.inv.binary.twoScalar.IntNonEqual;Spotify_getArtistAlbums-Arithmetic comparisons;FP;FP;TN;0.9;823;227;1050;1000;GPT-3.5
Spotify_getArtistAlbums;35;daikon.inv.binary.twoScalar.IntNonEqual;Arithmetic comparisons;Spotify_getArtistAlbums-daikon.inv.binary.twoScalar.IntNonEqual;Spotify_getArtistAlbums-Arithmetic comparisons;FP;FP;TN;0.9;838;234;1072;100;GPT-3.5
Spotify_getArtistAlbums;36;daikon.inv.binary.twoScalar.IntEqual;Arithmetic comparisons;Spotify_getArtistAlbums-daikon.inv.binary.twoScalar.IntEqual;Spotify_getArtistAlbums-Arithmetic comparisons;TP;TP;TP;0.9;751;232;983;10000;GPT-3.5
Spotify_getArtistAlbums;37;daikon.inv.binary.twoScalar.IntEqual;Arithmetic comparisons;Spotify_getArtistAlbums-daikon.inv.binary.twoScalar.IntEqual;Spotify_getArtistAlbums-Arithmetic comparisons;TP;TP;TP;0.9;738;207;945;10000;GPT-3.5
Spotify_getArtistAlbums;38;daikon.inv.unary.scalar.NonZero;Arithmetic comparisons;Spotify_getArtistAlbums-daikon.inv.unary.scalar.NonZero;Spotify_getArtistAlbums-Arithmetic comparisons;TP;TP;TP;0.9;839;212;1051;10000;GPT-3.5
Spotify_getArtistAlbums;39;daikon.inv.unary.sequence.EltNonZero;Array properties;Spotify_getArtistAlbums-daikon.inv.unary.sequence.EltNonZero;Spotify_getArtistAlbums-Array properties;TP;TP;TP;0.9;849;242;1091;10000;GPT-3.5
Spotify_getArtistAlbums;40;daikon.inv.unary.scalar.LowerBound;Specific values;Spotify_getArtistAlbums-daikon.inv.unary.scalar.LowerBound;Spotify_getArtistAlbums-Specific values;TP;TP;TP;0.9;688;230;918;10000;GPT-3.5
Spotify_getArtistAlbums;41;daikon.inv.unary.scalar.LowerBound;Specific values;Spotify_getArtistAlbums-daikon.inv.unary.scalar.LowerBound;Spotify_getArtistAlbums-Specific values;TP;TP;TP;0.9;684;209;893;10000;GPT-3.5
Spotify_getArtistAlbums;42;daikon.inv.binary.twoScalar.IntGreaterThan;Arithmetic comparisons;Spotify_getArtistAlbums-daikon.inv.binary.twoScalar.IntGreaterThan;Spotify_getArtistAlbums-Arithmetic comparisons;FP;TP;FP;0.9;747;256;1003;50;GPT-3.5
Spotify_getArtistAlbums;43;daikon.inv.binary.twoScalar.IntNonEqual;Arithmetic comparisons;Spotify_getArtistAlbums-daikon.inv.binary.twoScalar.IntNonEqual;Spotify_getArtistAlbums-Arithmetic comparisons;FP;TP;FP;0.9;741;265;1006;500;GPT-3.5
Spotify_getArtistAlbums;44;daikon.inv.binary.twoScalar.IntGreaterEqual;Arithmetic comparisons;Spotify_getArtistAlbums-daikon.inv.binary.twoScalar.IntGreaterEqual;Spotify_getArtistAlbums-Arithmetic comparisons;TP;TP;TP;0.95;895;289;1184;10000;GPT-3.5
Spotify_getArtistAlbums;45;daikon.inv.binary.twoScalar.IntLessEqual;Arithmetic comparisons;Spotify_getArtistAlbums-daikon.inv.binary.twoScalar.IntLessEqual;Spotify_getArtistAlbums-Arithmetic comparisons;FP;TP;FP;0.9;739;199;938;50;GPT-3.5
Spotify_getArtistAlbums;46;daikon.inv.binary.twoScalar.IntNonEqual;Arithmetic comparisons;Spotify_getArtistAlbums-daikon.inv.binary.twoScalar.IntNonEqual;Spotify_getArtistAlbums-Arithmetic comparisons;FP;TP;FP;0.9;730;311;1041;100;GPT-3.5
Spotify_getArtistAlbums;47;daikon.inv.binary.twoScalar.IntNonEqual;Arithmetic comparisons;Spotify_getArtistAlbums-daikon.inv.binary.twoScalar.IntNonEqual;Spotify_getArtistAlbums-Arithmetic comparisons;FP;FP;TN;0.9;883;321;1204;100;GPT-3.5
Spotify_getArtistAlbums;48;daikon.inv.binary.twoScalar.IntGreaterEqual;Arithmetic comparisons;Spotify_getArtistAlbums-daikon.inv.binary.twoScalar.IntGreaterEqual;Spotify_getArtistAlbums-Arithmetic comparisons;FP;TP;FP;0.9;741;230;971;50;GPT-3.5
Spotify_getArtistAlbums;49;daikon.inv.binary.twoScalar.IntNonEqual;Arithmetic comparisons;Spotify_getArtistAlbums-daikon.inv.binary.twoScalar.IntNonEqual;Spotify_getArtistAlbums-Arithmetic comparisons;FP;TP;FP;0.9;735;184;919;100;GPT-3.5
Spotify_getArtistAlbums;50;daikon.inv.binary.twoScalar.IntNonEqual;Arithmetic comparisons;Spotify_getArtistAlbums-daikon.inv.binary.twoScalar.IntNonEqual;Spotify_getArtistAlbums-Arithmetic comparisons;FP;FP;TN;0.8;790;257;1047;100;GPT-3.5
Spotify_getArtistAlbums;51;daikon.inv.binary.twoScalar.IntGreaterEqual;Arithmetic comparisons;Spotify_getArtistAlbums-daikon.inv.binary.twoScalar.IntGreaterEqual;Spotify_getArtistAlbums-Arithmetic comparisons;TP;TP;TP;0.9;888;281;1169;10000;GPT-3.5
Spotify_getArtistAlbums;52;daikon.inv.binary.twoScalar.IntGreaterEqual;Arithmetic comparisons;Spotify_getArtistAlbums-daikon.inv.binary.twoScalar.IntGreaterEqual;Spotify_getArtistAlbums-Arithmetic comparisons;TP;TP;TP;0.9;879;264;1143;10000;GPT-3.5
Spotify_getArtistAlbums;53;daikon.inv.unary.string.FixedLengthString;Specific formats;Spotify_getArtistAlbums-daikon.inv.unary.string.FixedLengthString;Spotify_getArtistAlbums-Specific formats;TP;TP;TP;0.95;845;187;1032;10000;GPT-3.5
Spotify_getArtistAlbums;54;daikon.inv.unary.string.IsUrl;Specific formats;Spotify_getArtistAlbums-daikon.inv.unary.string.IsUrl;Spotify_getArtistAlbums-Specific formats;TP;TP;TP;0.95;840;181;1021;10000;GPT-3.5
Spotify_getArtistAlbums;55;daikon.inv.unary.string.FixedLengthString;Specific formats;Spotify_getArtistAlbums-daikon.inv.unary.string.FixedLengthString;Spotify_getArtistAlbums-Specific formats;TP;TP;TP;0.95;821;224;1045;10000;GPT-3.5
Spotify_getArtistAlbums;56;daikon.inv.unary.string.FixedLengthString;Specific formats;Spotify_getArtistAlbums-daikon.inv.unary.string.FixedLengthString;Spotify_getArtistAlbums-Specific formats;TP;TP;TP;0.9;711;214;925;10000;GPT-3.5
Spotify_getArtistAlbums;57;daikon.inv.unary.string.FixedLengthString;Specific formats;Spotify_getArtistAlbums-daikon.inv.unary.string.FixedLengthString;Spotify_getArtistAlbums-Specific formats;TP;TP;TP;0.95;840;203;1043;10000;GPT-3.5
Spotify_getArtistAlbums;58;daikon.inv.binary.twoString.StdString$SubString;String comparisons;Spotify_getArtistAlbums-daikon.inv.binary.twoString.StdString$SubString;Spotify_getArtistAlbums-String comparisons;TP;TP;TP;0.95;1014;261;1275;10000;GPT-3.5
Spotify_getArtistAlbums;59;daikon.inv.binary.twoString.StdString$SubString;String comparisons;Spotify_getArtistAlbums-daikon.inv.binary.twoString.StdString$SubString;Spotify_getArtistAlbums-String comparisons;TP;TP;TP;0.95;930;249;1179;10000;GPT-3.5
Spotify_getArtistAlbums;60;daikon.inv.binary.twoString.StdString$SubString;String comparisons;Spotify_getArtistAlbums-daikon.inv.binary.twoString.StdString$SubString;Spotify_getArtistAlbums-String comparisons;TP;TP;TP;0.95;967;278;1245;10000;GPT-3.5
Spotify_getArtistAlbums;61;daikon.inv.binary.twoString.StdString$SubString;String comparisons;Spotify_getArtistAlbums-daikon.inv.binary.twoString.StdString$SubString;Spotify_getArtistAlbums-String comparisons;TP;TP;TP;0.9;905;206;1111;10000;GPT-3.5
Spotify_getArtistAlbums;62;daikon.inv.unary.string.FixedLengthString;Specific formats;Spotify_getArtistAlbums-daikon.inv.unary.string.FixedLengthString;Spotify_getArtistAlbums-Specific formats;TP;TP;TP;0.95;895;238;1133;10000;GPT-3.5
Spotify_getArtistAlbums;63;daikon.inv.unary.string.IsUrl;Specific formats;Spotify_getArtistAlbums-daikon.inv.unary.string.IsUrl;Spotify_getArtistAlbums-Specific formats;TP;TP;TP;0.95;890;265;1155;10000;GPT-3.5
Spotify_getArtistAlbums;64;daikon.inv.unary.stringsequence.SequenceFixedLengthString;Specific formats;Spotify_getArtistAlbums-daikon.inv.unary.stringsequence.SequenceFixedLengthString;Spotify_getArtistAlbums-Specific formats;TP;TP;TP;0.9;930;208;1138;10000;GPT-3.5
Spotify_getArtistAlbums;65;daikon.inv.unary.string.FixedLengthString;Specific formats;Spotify_getArtistAlbums-daikon.inv.unary.string.FixedLengthString;Spotify_getArtistAlbums-Specific formats;TP;TP;TP;0.95;833;202;1035;10000;GPT-3.5
Spotify_getArtistAlbums;66;daikon.inv.unary.string.IsUrl;Specific formats;Spotify_getArtistAlbums-daikon.inv.unary.string.IsUrl;Spotify_getArtistAlbums-Specific formats;TP;TP;TP;0.9;828;212;1040;10000;GPT-3.5
Spotify_getArtistAlbums;67;daikon.inv.unary.string.FixedLengthString;Specific formats;Spotify_getArtistAlbums-daikon.inv.unary.string.FixedLengthString;Spotify_getArtistAlbums-Specific formats;TP;TP;TP;0.95;805;225;1030;10000;GPT-3.5
Spotify_getArtistAlbums;68;daikon.inv.unary.string.FixedLengthString;Specific formats;Spotify_getArtistAlbums-daikon.inv.unary.string.FixedLengthString;Spotify_getArtistAlbums-Specific formats;TP;FP;FN;1.0;697;175;872;10000;GPT-3.5
Spotify_getArtistAlbums;69;daikon.inv.unary.string.FixedLengthString;Specific formats;Spotify_getArtistAlbums-daikon.inv.unary.string.FixedLengthString;Spotify_getArtistAlbums-Specific formats;TP;TP;TP;0.95;818;239;1057;10000;GPT-3.5
Spotify_getArtistAlbums;70;daikon.inv.binary.twoString.StdString$SubString;String comparisons;Spotify_getArtistAlbums-daikon.inv.binary.twoString.StdString$SubString;Spotify_getArtistAlbums-String comparisons;TP;TP;TP;0.95;977;212;1189;10000;GPT-3.5
Spotify_getArtistAlbums;71;daikon.inv.binary.twoString.StdString$SubString;String comparisons;Spotify_getArtistAlbums-daikon.inv.binary.twoString.StdString$SubString;Spotify_getArtistAlbums-String comparisons;TP;TP;TP;0.9;900;244;1144;10000;GPT-3.5
Spotify_getArtistAlbums;72;daikon.inv.binary.twoString.StdString$SubString;String comparisons;Spotify_getArtistAlbums-daikon.inv.binary.twoString.StdString$SubString;Spotify_getArtistAlbums-String comparisons;TP;TP;TP;0.95;942;233;1175;10000;GPT-3.5
Spotify_getArtistAlbums;73;daikon.inv.binary.twoString.StdString$SubString;String comparisons;Spotify_getArtistAlbums-daikon.inv.binary.twoString.StdString$SubString;Spotify_getArtistAlbums-String comparisons;TP;TP;TP;0.95;875;216;1091;10000;GPT-3.5
Spotify_getArtistAlbums;74;daikon.inv.unary.string.IsUrl;Specific formats;Spotify_getArtistAlbums-daikon.inv.unary.string.IsUrl;Spotify_getArtistAlbums-Specific formats;TP;TP;TP;0.9;925;180;1105;10000;GPT-3.5
Spotify_getArtistAlbums;75;daikon.inv.unary.string.IsUrl;Specific formats;Spotify_getArtistAlbums-daikon.inv.unary.string.IsUrl;Spotify_getArtistAlbums-Specific formats;TP;TP;TP;1.0;940;225;1165;10000;GPT-3.5
Spotify_getArtistAlbums;76;daikon.inv.unary.string.IsUrl;Specific formats;Spotify_getArtistAlbums-daikon.inv.unary.string.IsUrl;Spotify_getArtistAlbums-Specific formats;TP;TP;TP;0.9;911;192;1103;10000;GPT-3.5
Spotify_getArtistAlbums;77;daikon.inv.binary.twoString.StdString$SubString;String comparisons;Spotify_getArtistAlbums-daikon.inv.binary.twoString.StdString$SubString;Spotify_getArtistAlbums-String comparisons;TP;TP;TP;0.95;1060;201;1261;10000;GPT-3.5
Spotify_getArtistAlbums;78;daikon.inv.binary.twoString.StdString$SubString;String comparisons;Spotify_getArtistAlbums-daikon.inv.binary.twoString.StdString$SubString;Spotify_getArtistAlbums-String comparisons;TP;TP;TP;0.95;1073;277;1350;10000;GPT-3.5
Spotify_getArtistAlbums;79;daikon.inv.binary.twoString.StdString$SubString;String comparisons;Spotify_getArtistAlbums-daikon.inv.binary.twoString.StdString$SubString;Spotify_getArtistAlbums-String comparisons;TP;TP;TP;0.95;1050;274;1324;10000;GPT-3.5
Spotify_getArtistAlbums;80;daikon.inv.binary.twoString.StdString$SubString;String comparisons;Spotify_getArtistAlbums-daikon.inv.binary.twoString.StdString$SubString;Spotify_getArtistAlbums-String comparisons;TP;TP;TP;0.95;1000;244;1244;10000;GPT-3.5
Spotify_getArtistAlbums;81;daikon.inv.binary.twoString.StdString$SubString;String comparisons;Spotify_getArtistAlbums-daikon.inv.binary.twoString.StdString$SubString;Spotify_getArtistAlbums-String comparisons;TP;TP;TP;0.95;1007;254;1261;10000;GPT-3.5
Spotify_getArtistAlbums;82;daikon.inv.binary.twoString.StdString$SubString;String comparisons;Spotify_getArtistAlbums-daikon.inv.binary.twoString.StdString$SubString;Spotify_getArtistAlbums-String comparisons;TP;TP;TP;0.95;995;268;1263;10000;GPT-3.5
Spotify_getArtistAlbums;83;daikon.inv.unary.string.OneOfString;Specific values;Spotify_getArtistAlbums-daikon.inv.unary.string.OneOfString;Spotify_getArtistAlbums-Specific values;TP;TP;TP;0.9;744;222;966;10000;GPT-3.5
Spotify_getArtistAlbums;84;daikon.inv.unary.scalar.OneOfScalar;Specific values;Spotify_getArtistAlbums-daikon.inv.unary.scalar.OneOfScalar;Spotify_getArtistAlbums-Specific values;FP;TP;FP;0.9;838;257;1095;10000;GPT-3.5
Spotify_getArtistAlbums;85;daikon.inv.unary.scalar.LowerBound;Specific values;Spotify_getArtistAlbums-daikon.inv.unary.scalar.LowerBound;Spotify_getArtistAlbums-Specific values;TP;TP;TP;0.9;915;252;1167;10000;GPT-3.5
Spotify_getArtistAlbums;86;daikon.inv.unary.scalar.LowerBound;Specific values;Spotify_getArtistAlbums-daikon.inv.unary.scalar.LowerBound;Spotify_getArtistAlbums-Specific values;TP;TP;TP;0.9;690;205;895;10000;GPT-3.5
