TP: 48
FP: 12
FN: 35
TN: 181

P: 83
N: 193
PP: 60
PN: 216
All: 276

accuracy: 0.8297101449275363
precision: 0.8
recall: 0.5783132530120482

FPs: [34, 46, 104, 120, 182, 183, 186, 230, 243, 246, 248, 273]
FNs: [33, 107, 108, 112, 113, 114, 115, 116, 117, 118, 119, 121, 125, 128, 129, 130, 131, 132, 137, 138, 143, 148, 150, 154, 157, 158, 161, 162, 207, 210, 249, 250, 251, 265, 275]
INCONCLUSIVE: []
