TP: 18
FP: 2
FN: 119
TN: 34

P: 137
N: 36
PP: 20
PN: 153
All: 173

accuracy: 0.30057803468208094
precision: 0.9
recall: 0.13138686131386862

FPs: [0, 33]
FNs: [3, 4, 5, 6, 10, 11, 12, 19, 40, 41, 42, 45, 46, 48, 49, 50, 51, 52, 53, 55, 56, 57, 58, 60, 61, 62, 63, 66, 67, 68, 69, 70, 71, 72, 73, 74, 76, 77, 78, 79, 80, 81, 83, 84, 86, 87, 88, 89, 90, 91, 92, 93, 94, 95, 96, 98, 99, 100, 101, 102, 104, 105, 109, 110, 111, 112, 113, 114, 115, 116, 117, 118, 119, 120, 121, 122, 123, 124, 125, 127, 128, 129, 130, 131, 132, 133, 134, 135, 136, 137, 138, 139, 140, 141, 142, 143, 144, 145, 146, 147, 148, 149, 150, 151, 152, 153, 154, 155, 156, 157, 158, 159, 160, 161, 162, 163, 164, 170, 172]
INCONCLUSIVE: []
