TP: 8
FP: 0
FN: 48
TN: 31

P: 56
N: 31
PP: 8
PN: 79
All: 87

accuracy: 0.4482758620689655
precision: 1.0
recall: 0.14285714285714285

FPs: []
FNs: [0, 1, 2, 3, 8, 9, 10, 12, 13, 15, 17, 24, 36, 37, 39, 40, 52, 53, 54, 55, 56, 57, 58, 59, 60, 61, 62, 63, 65, 66, 67, 69, 70, 71, 72, 73, 74, 75, 76, 77, 78, 79, 80, 81, 82, 83, 85, 86]
INCONCLUSIVE: []
