TP: 28
FP: 0
FN: 20
TN: 0

P: 48
N: 0
PP: 28
PN: 20
All: 48

accuracy: 0.5833333333333334
precision: 1.0
recall: 0.5833333333333334

FPs: []
FNs: [0, 2, 3, 5, 6, 7, 8, 12, 15, 16, 19, 22, 24, 29, 31, 33, 39, 44, 45, 46]
INCONCLUSIVE: []
