TP: 12
FP: 2
FN: 3
TN: 2

P: 15
N: 4
PP: 14
PN: 5
All: 19

accuracy: 0.7368421052631579
precision: 0.8571428571428571
recall: 0.8

FPs: [3, 4]
FNs: [2, 12, 16]
INCONCLUSIVE: []
