TP: 64
FP: 17
FN: 1
TN: 21

P: 65
N: 38
PP: 81
PN: 22
All: 103

accuracy: 0.8252427184466019
precision: 0.7901234567901234
recall: 0.9846153846153847

FPs: [20, 25, 26, 27, 28, 29, 31, 38, 39, 41, 44, 90, 91, 92, 93, 95, 100]
FNs: [83]
INCONCLUSIVE: []
