TP: 62
FP: 26
FN: 3
TN: 12

P: 65
N: 38
PP: 88
PN: 15
All: 103

accuracy: 0.7184466019417476
precision: 0.7045454545454546
recall: 0.9538461538461539

FPs: [9, 13, 14, 15, 16, 17, 18, 19, 20, 22, 25, 26, 27, 30, 38, 39, 41, 42, 44, 91, 92, 93, 94, 95, 98, 99]
FNs: [34, 59, 62]
INCONCLUSIVE: []
