TP: 42
FP: 4
FN: 14
TN: 27

P: 56
N: 31
PP: 46
PN: 41
All: 87

accuracy: 0.7931034482758621
precision: 0.9130434782608695
recall: 0.75

FPs: [18, 45, 48, 50]
FNs: [2, 3, 9, 10, 17, 37, 53, 56, 57, 59, 62, 65, 71, 75]
INCONCLUSIVE: []
