TP: 23
FP: 27
FN: 1
TN: 38

P: 24
N: 65
PP: 50
PN: 39
All: 89

accuracy: 0.6853932584269663
precision: 0.46
recall: 0.9583333333333334

FPs: [3, 4, 6, 11, 12, 16, 20, 21, 22, 24, 25, 28, 48, 49, 51, 52, 53, 54, 57, 70, 71, 72, 79, 80, 83, 84, 85]
FNs: [31]
INCONCLUSIVE: []
