TP: 19
FP: 27
FN: 64
TN: 166

P: 83
N: 193
PP: 46
PN: 230
All: 276

accuracy: 0.6702898550724637
precision: 0.41304347826086957
recall: 0.2289156626506024

FPs: [19, 22, 35, 37, 39, 41, 46, 47, 48, 55, 60, 61, 68, 93, 94, 104, 164, 165, 167, 181, 190, 197, 211, 222, 236, 248, 256]
FNs: [0, 4, 6, 7, 27, 29, 30, 33, 45, 99, 105, 106, 107, 108, 109, 110, 112, 113, 114, 115, 116, 117, 118, 119, 121, 123, 124, 128, 129, 130, 131, 132, 136, 137, 138, 140, 141, 143, 144, 147, 148, 149, 150, 151, 152, 153, 154, 156, 157, 158, 159, 160, 161, 162, 204, 205, 206, 207, 209, 249, 250, 251, 265, 275]
INCONCLUSIVE: []
