TP: 10
FP: 0
FN: 38
TN: 0

P: 48
N: 0
PP: 10
PN: 38
All: 48

accuracy: 0.20833333333333334
precision: 1.0
recall: 0.20833333333333334

FPs: []
FNs: [0, 5, 6, 7, 8, 11, 12, 13, 15, 16, 18, 19, 20, 22, 23, 24, 25, 26, 27, 28, 29, 30, 31, 32, 33, 34, 35, 36, 38, 39, 40, 41, 42, 43, 44, 45, 46, 47]
INCONCLUSIVE: []
