TP: 8
FP: 3
FN: 93
TN: 215

P: 101
N: 218
PP: 11
PN: 308
All: 319

accuracy: 0.6990595611285266
precision: 0.7272727272727273
recall: 0.07920792079207921

FPs: [15, 72, 79]
FNs: [1, 5, 6, 17, 18, 19, 20, 21, 22, 23, 24, 25, 26, 28, 29, 30, 31, 32, 34, 35, 36, 38, 39, 40, 42, 43, 44, 46, 47, 48, 49, 54, 159, 160, 161, 162, 163, 164, 165, 166, 167, 168, 169, 170, 171, 173, 176, 177, 178, 179, 180, 181, 182, 183, 184, 185, 186, 187, 188, 190, 191, 192, 193, 194, 195, 196, 197, 198, 199, 201, 202, 203, 204, 208, 209, 210, 211, 212, 213, 214, 215, 216, 217, 220, 257, 258, 259, 260, 290, 302, 303, 305, 318]
INCONCLUSIVE: []
