TP: 5
FP: 0
FN: 60
TN: 38

P: 65
N: 38
PP: 5
PN: 98
All: 103

accuracy: 0.4174757281553398
precision: 1.0
recall: 0.07692307692307693

FPs: []
FNs: [0, 1, 2, 3, 4, 5, 6, 7, 8, 10, 11, 12, 32, 33, 35, 37, 43, 46, 47, 48, 49, 50, 51, 52, 53, 54, 56, 57, 58, 59, 60, 61, 62, 63, 64, 65, 67, 68, 69, 70, 71, 72, 73, 74, 75, 76, 77, 78, 79, 80, 81, 82, 83, 84, 85, 86, 87, 88, 89, 102]
INCONCLUSIVE: []
