TP: 55
FP: 25
FN: 1
TN: 6

P: 56
N: 31
PP: 80
PN: 7
All: 87

accuracy: 0.7011494252873564
precision: 0.6875
recall: 0.9821428571428571

FPs: [4, 5, 6, 14, 16, 18, 19, 20, 21, 22, 23, 25, 26, 27, 28, 29, 30, 31, 42, 43, 45, 46, 48, 49, 84]
FNs: [68]
INCONCLUSIVE: []
