TP: 2
FP: 0
FN: 22
TN: 65

P: 24
N: 65
PP: 2
PN: 87
All: 89

accuracy: 0.7528089887640449
precision: 1.0
recall: 0.08333333333333333

FPs: []
FNs: [0, 1, 2, 7, 8, 9, 10, 29, 30, 31, 44, 45, 47, 50, 56, 60, 61, 62, 64, 65, 78, 88]
INCONCLUSIVE: []
