TP: 96
FP: 81
FN: 5
TN: 137

P: 101
N: 218
PP: 177
PN: 142
All: 319

accuracy: 0.7304075235109718
precision: 0.5423728813559322
recall: 0.9504950495049505

FPs: [4, 15, 41, 53, 55, 69, 70, 73, 77, 83, 84, 86, 88, 90, 92, 100, 104, 109, 120, 121, 124, 125, 128, 130, 131, 132, 134, 137, 139, 141, 144, 146, 147, 150, 151, 156, 158, 218, 223, 225, 230, 232, 238, 239, 240, 241, 243, 244, 245, 246, 247, 248, 249, 251, 253, 254, 255, 256, 261, 263, 264, 268, 271, 275, 276, 277, 278, 279, 281, 287, 288, 293, 294, 297, 298, 301, 307, 309, 314, 315, 317]
FNs: [170, 177, 182, 186, 195]
INCONCLUSIVE: []
