TP: 54
FP: 9
FN: 2
TN: 22

P: 56
N: 31
PP: 63
PN: 24
All: 87

accuracy: 0.8735632183908046
precision: 0.8571428571428571
recall: 0.9642857142857143

FPs: [14, 16, 25, 26, 42, 43, 46, 47, 49]
FNs: [9, 76]
INCONCLUSIVE: []
