TP: 174
FP: 1
FN: 26
TN: 3

P: 200
N: 4
PP: 175
PN: 29
All: 204

accuracy: 0.8676470588235294
precision: 0.9942857142857143
recall: 0.87

FPs: [57]
FNs: [19, 21, 23, 27, 28, 29, 30, 31, 32, 36, 40, 45, 49, 50, 52, 53, 54, 55, 56, 60, 61, 64, 66, 88, 100, 140]
INCONCLUSIVE: []
