TP: 7
FP: 8
FN: 17
TN: 57

P: 24
N: 65
PP: 15
PN: 74
All: 89

accuracy: 0.7191011235955056
precision: 0.4666666666666667
recall: 0.2916666666666667

FPs: [3, 5, 6, 12, 19, 51, 57, 84]
FNs: [0, 1, 7, 8, 29, 30, 31, 44, 45, 47, 50, 60, 61, 62, 64, 65, 88]
INCONCLUSIVE: []
