TP: 170
FP: 2
FN: 30
TN: 2

P: 200
N: 4
PP: 172
PN: 32
All: 204

accuracy: 0.8431372549019608
precision: 0.9883720930232558
recall: 0.85

FPs: [57, 76]
FNs: [19, 20, 21, 22, 23, 24, 27, 28, 29, 32, 33, 36, 37, 48, 49, 50, 53, 54, 55, 56, 59, 66, 69, 70, 71, 86, 88, 100, 140, 162]
INCONCLUSIVE: []
