TP: 90
FP: 177
FN: 11
TN: 41

P: 101
N: 218
PP: 267
PN: 52
All: 319

accuracy: 0.4106583072100313
precision: 0.33707865168539325
recall: 0.8910891089108911

FPs: [0, 3, 4, 7, 8, 9, 10, 11, 13, 15, 16, 27, 33, 41, 45, 51, 55, 57, 60, 61, 62, 63, 64, 66, 68, 69, 70, 71, 72, 73, 74, 75, 76, 77, 78, 79, 80, 81, 82, 83, 84, 85, 87, 88, 90, 91, 92, 94, 95, 96, 97, 98, 99, 100, 101, 102, 103, 104, 105, 106, 107, 108, 109, 110, 111, 114, 116, 118, 120, 121, 122, 124, 125, 128, 129, 130, 131, 132, 133, 134, 136, 137, 138, 139, 140, 141, 142, 144, 150, 151, 152, 153, 154, 155, 156, 157, 174, 175, 189, 205, 218, 219, 221, 222, 223, 224, 225, 226, 227, 229, 230, 231, 232, 233, 234, 235, 236, 238, 240, 241, 242, 243, 244, 245, 246, 247, 248, 249, 250, 251, 252, 253, 254, 255, 256, 261, 262, 263, 264, 265, 266, 267, 268, 270, 271, 272, 273, 274, 275, 276, 277, 278, 279, 282, 283, 288, 291, 292, 293, 294, 295, 296, 297, 298, 299, 300, 304, 306, 307, 308, 309, 310, 311, 312, 313, 316, 317]
FNs: [160, 163, 165, 166, 167, 171, 177, 208, 210, 211, 214]
INCONCLUSIVE: []
