TP: 13
FP: 0
FN: 119
TN: 270

P: 132
N: 270
PP: 13
PN: 389
All: 402

accuracy: 0.7039800995024875
precision: 1.0
recall: 0.09848484848484848

FPs: []
FNs: [6, 7, 8, 9, 10, 11, 13, 15, 17, 20, 21, 22, 23, 24, 25, 26, 27, 29, 34, 35, 36, 37, 38, 39, 40, 41, 42, 43, 49, 50, 51, 53, 54, 55, 73, 74, 75, 76, 77, 78, 79, 80, 81, 82, 98, 142, 148, 154, 160, 166, 170, 174, 179, 184, 189, 202, 206, 207, 209, 212, 215, 217, 219, 220, 222, 226, 229, 231, 232, 233, 234, 236, 237, 238, 239, 240, 241, 242, 243, 244, 245, 246, 247, 249, 250, 251, 252, 253, 254, 255, 256, 258, 259, 260, 261, 262, 263, 264, 265, 266, 267, 268, 269, 271, 273, 276, 311, 312, 367, 369, 371, 374, 375, 378, 380, 392, 399, 400, 401]
INCONCLUSIVE: []
