TP: 110
FP: 210
FN: 22
TN: 60

P: 132
N: 270
PP: 320
PN: 82
All: 402

accuracy: 0.4228855721393035
precision: 0.34375
recall: 0.8333333333333334

FPs: [1, 2, 3, 4, 5, 12, 18, 19, 30, 31, 32, 33, 44, 46, 47, 48, 52, 59, 61, 62, 63, 65, 67, 68, 69, 70, 71, 72, 83, 84, 85, 86, 87, 88, 89, 90, 93, 94, 95, 96, 97, 100, 101, 102, 103, 104, 107, 109, 110, 111, 112, 113, 116, 117, 118, 119, 120, 121, 123, 125, 126, 131, 135, 138, 139, 140, 141, 143, 144, 145, 146, 149, 150, 151, 152, 153, 155, 156, 157, 158, 159, 162, 163, 164, 165, 167, 168, 169, 171, 172, 173, 176, 177, 180, 181, 182, 183, 185, 186, 187, 188, 190, 191, 192, 193, 194, 195, 196, 197, 198, 199, 200, 201, 203, 204, 205, 210, 211, 213, 216, 218, 221, 223, 225, 248, 274, 275, 277, 278, 279, 280, 281, 283, 285, 287, 288, 289, 290, 291, 294, 295, 296, 297, 298, 299, 302, 304, 305, 306, 307, 309, 310, 313, 314, 315, 316, 317, 318, 319, 320, 321, 322, 323, 324, 325, 327, 328, 329, 330, 331, 333, 343, 344, 345, 346, 347, 348, 349, 350, 351, 352, 353, 354, 355, 359, 360, 361, 362, 364, 365, 366, 368, 370, 372, 373, 377, 379, 382, 383, 385, 386, 387, 388, 389, 390, 391, 393, 394, 395, 396]
FNs: [7, 9, 10, 22, 23, 24, 26, 38, 74, 77, 79, 80, 142, 148, 160, 166, 174, 184, 235, 262, 392, 399]
INCONCLUSIVE: []
