TP: 4
FP: 2
FN: 11
TN: 2

P: 15
N: 4
PP: 6
PN: 13
All: 19

accuracy: 0.3157894736842105
precision: 0.6666666666666666
recall: 0.26666666666666666

FPs: [3, 4]
FNs: [0, 2, 7, 10, 11, 12, 13, 14, 15, 16, 17]
INCONCLUSIVE: []
