TP: 30
FP: 30
FN: 102
TN: 240

P: 132
N: 270
PP: 60
PN: 342
All: 402

accuracy: 0.6716417910447762
precision: 0.5
recall: 0.22727272727272727

FPs: [33, 44, 47, 48, 56, 61, 62, 66, 69, 85, 86, 90, 91, 94, 110, 146, 149, 151, 165, 173, 175, 203, 210, 211, 213, 277, 303, 313, 354, 393]
FNs: [6, 7, 8, 9, 10, 11, 15, 20, 21, 22, 23, 24, 25, 26, 28, 29, 35, 36, 37, 38, 39, 40, 41, 42, 43, 49, 50, 51, 73, 74, 75, 76, 77, 78, 79, 80, 81, 82, 142, 148, 154, 160, 166, 170, 174, 179, 184, 189, 202, 207, 212, 215, 217, 219, 220, 222, 224, 229, 231, 232, 233, 234, 235, 236, 237, 238, 239, 240, 242, 243, 244, 245, 246, 247, 249, 250, 252, 253, 258, 259, 260, 261, 262, 263, 264, 265, 266, 267, 268, 269, 271, 272, 273, 367, 369, 371, 374, 375, 392, 399, 400, 401]
INCONCLUSIVE: []
