TP: 19
FP: 4
FN: 46
TN: 34

P: 65
N: 38
PP: 23
PN: 80
All: 103

accuracy: 0.5145631067961165
precision: 0.8260869565217391
recall: 0.2923076923076923

FPs: [15, 18, 20, 94]
FNs: [1, 2, 3, 5, 7, 8, 32, 40, 46, 47, 48, 49, 50, 51, 52, 53, 54, 55, 56, 57, 58, 59, 60, 61, 62, 63, 64, 67, 68, 69, 70, 71, 72, 73, 74, 76, 78, 79, 80, 81, 82, 85, 86, 87, 88, 89]
INCONCLUSIVE: []
