TP: 77
FP: 148
FN: 6
TN: 45

P: 83
N: 193
PP: 225
PN: 51
All: 276

accuracy: 0.4420289855072464
precision: 0.3422222222222222
recall: 0.927710843373494

FPs: [2, 3, 5, 8, 9, 10, 12, 13, 15, 16, 17, 18, 19, 20, 22, 24, 25, 32, 34, 35, 36, 37, 38, 39, 40, 42, 43, 44, 46, 47, 48, 49, 50, 51, 54, 55, 58, 59, 60, 61, 62, 63, 64, 65, 67, 68, 69, 70, 71, 72, 73, 75, 76, 78, 79, 81, 83, 84, 85, 87, 88, 90, 91, 92, 93, 94, 95, 104, 111, 120, 142, 163, 164, 165, 166, 168, 170, 172, 173, 174, 175, 176, 177, 179, 180, 181, 182, 183, 184, 185, 186, 188, 189, 190, 191, 192, 194, 195, 197, 198, 199, 200, 202, 203, 211, 213, 214, 215, 216, 217, 218, 219, 220, 221, 223, 224, 225, 226, 227, 228, 229, 230, 231, 232, 233, 234, 235, 237, 238, 239, 240, 241, 245, 247, 248, 252, 253, 254, 255, 257, 259, 260, 266, 267, 268, 269, 272, 273]
FNs: [113, 114, 117, 118, 119, 150]
INCONCLUSIVE: []
