TP: 80
FP: 30
FN: 3
TN: 163

P: 83
N: 193
PP: 110
PN: 166
All: 276

accuracy: 0.8804347826086957
precision: 0.7272727272727273
recall: 0.963855421686747

FPs: [3, 11, 14, 16, 24, 28, 31, 34, 43, 47, 48, 49, 50, 51, 55, 95, 104, 111, 120, 167, 211, 235, 245, 246, 247, 248, 252, 254, 266, 273]
FNs: [117, 249, 251]
INCONCLUSIVE: []
