TP: 17
FP: 18
FN: 7
TN: 47

P: 24
N: 65
PP: 35
PN: 54
All: 89

accuracy: 0.7191011235955056
precision: 0.4857142857142857
recall: 0.7083333333333334

FPs: [3, 4, 12, 15, 17, 20, 22, 23, 24, 28, 54, 55, 57, 71, 72, 73, 80, 83]
FNs: [30, 31, 44, 45, 61, 78, 88]
INCONCLUSIVE: []
