TP: 132
FP: 32
FN: 5
TN: 4

P: 137
N: 36
PP: 164
PN: 9
All: 173

accuracy: 0.7861271676300579
precision: 0.8048780487804879
recall: 0.9635036496350365

FPs: [0, 7, 8, 9, 22, 23, 24, 25, 26, 27, 28, 29, 30, 31, 32, 33, 34, 35, 36, 37, 38, 39, 43, 106, 107, 108, 165, 166, 167, 168, 169, 171]
FNs: [12, 17, 42, 46, 58]
INCONCLUSIVE: []
