TP: 14
FP: 4
FN: 1
TN: 0

P: 15
N: 4
PP: 18
PN: 1
All: 19

accuracy: 0.7368421052631579
precision: 0.7777777777777778
recall: 0.9333333333333333

FPs: [3, 4, 6, 18]
FNs: [13]
INCONCLUSIVE: []
