TP: 81
FP: 43
FN: 51
TN: 227

P: 132
N: 270
PP: 124
PN: 278
All: 402

accuracy: 0.7661691542288557
precision: 0.6532258064516129
recall: 0.6136363636363636

FPs: [4, 60, 61, 64, 66, 67, 69, 72, 86, 89, 90, 92, 162, 164, 171, 200, 205, 210, 218, 257, 292, 313, 314, 315, 316, 317, 318, 324, 325, 326, 327, 329, 330, 331, 352, 365, 366, 368, 370, 372, 373, 393, 394]
FNs: [6, 7, 8, 9, 10, 11, 21, 23, 24, 26, 27, 29, 36, 37, 39, 40, 41, 42, 49, 50, 73, 74, 75, 76, 77, 79, 80, 81, 82, 142, 148, 154, 160, 166, 170, 174, 179, 184, 189, 202, 215, 217, 220, 222, 235, 276, 311, 312, 378, 380, 399]
INCONCLUSIVE: []
