TP: 42
FP: 4
FN: 23
TN: 34

P: 65
N: 38
PP: 46
PN: 57
All: 103

accuracy: 0.7378640776699029
precision: 0.9130434782608695
recall: 0.6461538461538462

FPs: [25, 29, 92, 100]
FNs: [6, 7, 8, 12, 37, 46, 49, 52, 56, 59, 61, 62, 64, 67, 68, 70, 71, 74, 75, 77, 78, 82, 83]
INCONCLUSIVE: []
